9.669966996699670414e-01 9.471947194719472218e-01 9.186918691869186970e-01 9.687968796879687927e-01 9.498949894989499043e-01 9.234923492349235152e-01 9.591959195919591563e-01 8.910891089108911034e-01 8.694869486948695325e-01 9.666966696669666570e-01 9.372937293729373120e-01 9.186918691869186970e-01
9.735973597359736109e-01 9.360936093609361075e-01 9.306930693069307425e-01 9.762976297629762934e-01 9.456945694569457439e-01 9.222922292229223107e-01 9.609960996099610187e-01 9.012901290129012866e-01 8.826882688268826715e-01 9.561956195619562004e-01 8.847884788478848073e-01 8.739873987398739663e-01
9.102910291029102652e-01 8.133813381338134141e-01 7.719771977197720236e-01 9.375937593759375854e-01 8.541854185418541467e-01 8.223822382238223927e-01 9.189918991899189704e-01 8.412841284128412811e-01 7.875787578757875718e-01 9.270927092709271289e-01 8.235823582358235972e-01 8.010801080108010952e-01
9.153915391539153568e-01 7.947794779477947991e-01 7.605760576057605249e-01 8.934893489348935125e-01 7.878787878787878451e-01 7.155715571557155208e-01 9.189918991899189704e-01 8.352835283528352583e-01 7.743774377437744327e-01 8.901890189018901722e-01 7.785778577857785931e-01 7.146714671467147006e-01
8.652865286528652611e-01 6.990699069906990415e-01 6.558655865586558997e-01 8.856885688568857384e-01 7.581758175817582268e-01 6.981698169816982213e-01 8.733873387338734195e-01 7.230723072307230215e-01 6.648664866486648783e-01 8.772877287728773066e-01 7.851785178517851627e-01 7.035703570357035863e-01
8.574857485748574870e-01 7.200720072007200656e-01 6.429642964296429231e-01 8.595859585958596227e-01 7.170717071707171097e-01 6.408640864086408984e-01 8.706870687068707371e-01 7.446744674467447034e-01 6.774677467746774706e-01 8.667866786678667390e-01 7.278727872787278397e-01 6.699669966996699699e-01
8.340834083408340538e-01 7.083708370837084045e-01 6.129612961296129203e-01 8.550855085508550779e-01 7.056705670567057220e-01 6.591659165916591290e-01 8.553855385538553513e-01 7.128712871287128383e-01 6.459645964596459899e-01 8.400840084008400765e-01 6.888688868886888583e-01 6.120612061206121002e-01
8.445844584458446214e-01 6.828682868286828356e-01 6.039603960396039417e-01 8.286828682868286888e-01 6.783678367836784018e-01 6.057605760576058040e-01 8.331833183318332336e-01 6.825682568256825622e-01 5.943594359435943053e-01 8.328832883288328492e-01 6.813681368136813576e-01 6.000600060006000547e-01
8.205820582058205304e-01 6.651665166516651517e-01 5.778577857785778260e-01 8.271827182718272109e-01 6.456645664566457166e-01 5.685568556855685740e-01 8.220822082208221193e-01 6.822682268226822888e-01 6.015601560156015326e-01 8.235823582358235972e-01 6.492649264926492192e-01 5.580558055805580064e-01
8.106810681068107316e-01 6.609660966096609913e-01 5.928592859285928274e-01 8.004800480048004374e-01 6.162616261626162606e-01 5.457545754575457986e-01 8.043804380438044355e-01 6.591659165916591290e-01 5.718571857185718033e-01 7.890789078907890497e-01 5.985598559855985767e-01 5.514551455145514369e-01
