9.701999999999999513e-01 9.745000000000000329e-01 9.537999999999999812e-01 9.679999999999999716e-01
9.721999999999999531e-01 9.745000000000000329e-01 9.607999999999999874e-01 9.529999999999999583e-01
9.133000000000000007e-01 9.341000000000000414e-01 9.212000000000000188e-01 9.222000000000000197e-01
9.068000000000000504e-01 8.932999999999999829e-01 9.127999999999999448e-01 8.875999999999999446e-01
8.586000000000000298e-01 8.786000000000000476e-01 8.618999999999999995e-01 8.767000000000000348e-01
8.565000000000000391e-01 8.602999999999999536e-01 8.748000000000000220e-01 8.656000000000000361e-01
8.427999999999999936e-01 8.516000000000000236e-01 8.529999999999999805e-01 8.378999999999999782e-01
8.397999999999999909e-01 8.340999999999999526e-01 8.288999999999999702e-01 8.286999999999999922e-01
8.217999999999999750e-01 8.024000000000000021e-01 8.302000000000000490e-01 8.142000000000000348e-01
8.247999999999999776e-01 8.075999999999999845e-01 8.091000000000000414e-01 7.864999999999999769e-01
