9.780978097809771565e-01 9.801980198019805135e-01 1.073807380738073025e+00 1.006900690069006732e+00
1.043204320432042698e+00 1.014101410141013515e+00 1.061806180618062978e+00 1.088208820882087036e+00
1.062706270627062022e+00 1.072607260726072154e+00 1.020702070207020418e+00 1.111611161116111024e+00
1.122412241224121532e+00 1.032403240324032190e+00 1.025502550255025014e+00 1.049504950495049327e+00
1.154515451545154781e+00 1.080708070807080423e+00 1.115811581158115962e+00 9.798979897989801291e-01
1.055205520552054521e+00 1.068406840684068104e+00 1.055505550555055461e+00 1.086708670867086557e+00
9.900990099009897571e-01 1.107410741074105864e+00 1.073507350735073196e+00 1.065706570657065644e+00
1.089108910891089632e+00 1.056705670567056110e+00 1.046204620462045876e+00 1.054605460546054418e+00
1.044104410441043740e+00 1.113111311131113057e+00 1.021002100210020691e+00 1.081008100810081363e+00
1.042004200420042714e+00 1.098409840984098329e+00 1.007500750075008167e+00 1.123012301230123189e+00
