9.421000000000000485e-01 9.327999999999999625e-01 9.233999999999999986e-01 9.378999999999999559e-01
9.385000000000000009e-01 9.314999999999999947e-01 9.275999999999999801e-01 9.141000000000000236e-01
8.830000000000000071e-01 8.922999999999999821e-01 8.854999999999999538e-01 8.850999999999999979e-01
8.728000000000000203e-01 8.575000000000000400e-01 8.794999999999999485e-01 8.415000000000000258e-01
8.204000000000000181e-01 8.342000000000000526e-01 8.211000000000000520e-01 8.417000000000000037e-01
8.123000000000000220e-01 8.229999999999999538e-01 8.127999999999999670e-01 8.195999999999999952e-01
7.750000000000000222e-01 8.054000000000000048e-01 8.084000000000000075e-01 8.033000000000000140e-01
7.872000000000000108e-01 7.727000000000000535e-01 7.941000000000000281e-01 7.779000000000000359e-01
7.714999999999999636e-01 7.634999999999999565e-01 7.739000000000000323e-01 7.679000000000000270e-01
7.679000000000000270e-01 7.574999999999999512e-01 7.510999999999999899e-01 7.348999999999999977e-01
