9.344045962409179840e-01 9.472191668116026753e-01 9.588749825189327725e-01 9.808971291378647539e-01
9.611853841024852185e-01 9.291093191455938038e-01 9.497310208746944094e-01 9.259606559991874208e-01
1.021391551325350200e+00 9.578025009426296421e-01 9.332043214351810612e-01 9.170691562838674260e-01
1.003364091917922529e+00 8.918560324832580655e-01 9.272238784789039734e-01 8.774712577657861612e-01
9.340185686294403267e-01 8.902933202361544840e-01 8.592230284146223918e-01 9.511608914661984215e-01
9.602845576235190528e-01 8.745261035578520969e-01 9.425550150525160431e-01 9.362514602221706506e-01
8.450846518711904176e-01 8.557837031499954117e-01 8.640279870874796320e-01 9.414989169814412806e-01
1.010735708549693967e+00 8.805515027973181974e-01 8.893139012614205141e-01 8.805515027973181974e-01
7.603260298125207317e-01 8.814733847991622628e-01 9.066389203109196382e-01 9.511125719580241222e-01
9.611289348034857127e-01 8.484295500218539399e-01 8.880531128477876512e-01 9.609497445072417987e-01
