8.780999999999999917e-01 8.626000000000000334e-01 8.911999999999999922e-01 8.837000000000000410e-01
8.918000000000000371e-01 8.385000000000000231e-01 8.479999999999999760e-01 8.653999999999999471e-01
7.409000000000000030e-01 8.259999999999999565e-01 7.694999999999999618e-01 8.437000000000000055e-01
8.035999999999999810e-01 6.505999999999999561e-01 7.076000000000000068e-01 6.336000000000000520e-01
5.908999999999999808e-01 6.675999999999999712e-01 6.776999999999999691e-01 5.965000000000000302e-01
6.784000000000000030e-01 6.531000000000000139e-01 6.148000000000000131e-01 5.975000000000000311e-01
5.766999999999999904e-01 4.764999999999999791e-01 4.994999999999999996e-01 4.505000000000000115e-01
4.086000000000000187e-01 4.167000000000000148e-01 5.643000000000000238e-01 6.923000000000000265e-01
6.229000000000000092e-01 6.651000000000000245e-01 3.498999999999999888e-01 4.410000000000000031e-01
4.588999999999999746e-01 4.003999999999999782e-01 4.552999999999999825e-01 5.809999999999999609e-01
