8.847884788478848073e-01 8.250825082508250752e-01 7.578757875787578424e-01 8.505850585058505331e-01 7.965796579657965504e-01 7.710771077107710925e-01 8.838883888388838761e-01 8.502850285028502597e-01 8.208820882088209148e-01 8.607860786078608273e-01 8.070807080708071179e-01 7.635763576357635918e-01
8.808880888088809202e-01 8.418841884188419389e-01 8.004800480048004374e-01 8.157815781578158232e-01 7.179717971797179299e-01 6.543654365436543108e-01 8.334833483348335070e-01 7.806780678067807289e-01 6.639663966396639472e-01 8.715871587158715572e-01 7.665766576657665476e-01 6.630663066306630160e-01
7.695769576957696145e-01 6.705670567056705167e-01 5.607560756075607999e-01 8.313831383138313713e-01 6.453645364536453322e-01 5.658565856585658915e-01 7.710771077107710925e-01 6.351635163516351490e-01 5.541554155415541194e-01 8.424842484248424856e-01 7.584758475847585002e-01 6.849684968496849713e-01
8.190819081908190524e-01 6.069606960696070086e-01 5.649564956495649604e-01 6.708670867086709011e-01 5.052505250525052283e-01 3.915391539153915135e-01 7.062706270627062688e-01 5.457545754575457986e-01 4.527452745274527235e-01 6.405640564056405140e-01 4.713471347134713385e-01 3.891389138913891599e-01
5.877587758775877358e-01 3.867386738673867508e-01 2.670267026702670132e-01 6.303630363036303308e-01 4.224422442244224474e-01 2.748274827482748428e-01 6.333633363336333977e-01 3.951395139513951271e-01 2.964296429642964137e-01 6.048604860486048729e-01 4.182418241824182314e-01 3.204320432043204492e-01
7.044704470447045175e-01 5.133513351335133867e-01 4.407440744074407335e-01 6.177617761776177385e-01 4.437443744374437449e-01 3.348334833483348483e-01 7.518751875187519307e-01 5.451545154515451408e-01 4.056405640564056392e-01 5.925592559255925540e-01 4.158415841584158223e-01 3.162316231623162333e-01
5.466546654665466187e-01 3.627362736273627153e-01 2.577257725772577057e-01 4.764476447644764301e-01 2.892289228922892419e-01 2.349234923492349303e-01 4.860486048604860665e-01 2.844284428442844237e-01 2.016201620162016150e-01 4.587458745874587462e-01 2.688268826882688201e-01 1.776177617761776073e-01
4.455445544554455517e-01 2.811281128112811389e-01 1.857185718571857103e-01 4.428442844284428692e-01 2.055205520552055298e-01 1.371137113711371203e-01 5.520552055205520947e-01 3.333333333333333148e-01 2.280228022802280319e-01 6.741674167416741303e-01 4.614461446144614287e-01 3.843384338433843417e-01
4.557455745574557349e-01 2.139213921392139339e-01 1.779177917791779084e-01 6.756675667566757193e-01 4.626462646264626333e-01 3.510351035103510542e-01 3.636363636363636465e-01 2.049204920492049276e-01 1.413141314131413084e-01 4.827482748274827262e-01 2.628262826282628528e-01 1.764176417641764305e-01
4.755475547554755544e-01 2.973297329732973449e-01 2.325232523252325212e-01 4.002400240024002187e-01 2.031203120312031207e-01 1.404140414041404050e-01 4.485448544854485631e-01 3.240324032403240073e-01 2.217221722172217357e-01 4.566456645664566660e-01 2.691269126912691489e-01 1.548154815481548041e-01
