2.700000000000000000e+01 2.300000000000000000e+01 2.700000000000000000e+01 2.500000000000000000e+01
4.500000000000000000e+01 4.500000000000000000e+01 4.700000000000000000e+01 4.900000000000000000e+01
7.100000000000000000e+01 6.900000000000000000e+01 6.500000000000000000e+01 6.500000000000000000e+01
9.100000000000000000e+01 9.100000000000000000e+01 8.500000000000000000e+01 8.900000000000000000e+01
1.130000000000000000e+02 1.070000000000000000e+02 1.030000000000000000e+02 1.090000000000000000e+02
1.270000000000000000e+02 1.270000000000000000e+02 1.270000000000000000e+02 1.270000000000000000e+02
1.470000000000000000e+02 1.530000000000000000e+02 1.510000000000000000e+02 1.450000000000000000e+02
1.690000000000000000e+02 1.710000000000000000e+02 1.650000000000000000e+02 1.670000000000000000e+02
1.930000000000000000e+02 1.910000000000000000e+02 1.930000000000000000e+02 1.890000000000000000e+02
2.090000000000000000e+02 2.150000000000000000e+02 2.150000000000000000e+02 2.130000000000000000e+02
