9.369936993699368166e-01 9.330933093309328186e-01 9.216921692169206537e-01 9.246924692469242757e-01
9.174917491749166043e-01 9.477947794779479906e-01 8.223822382238213935e-01 9.780978097809779337e-01
8.577857785778569832e-01 1.123912391239124453e+00 9.618961896189618388e-01 9.369936993699368166e-01
1.201320132013201425e+00 8.883888388838888650e-01 9.342934293429342452e-01 8.967896789678976299e-01
8.700870087008705234e-01 8.985898589858988261e-01 1.011101110111011891e+00 8.802880288028807065e-01
1.014101410141014181e+00 8.568856885688571623e-01 1.025802580258026397e+00 8.463846384638462617e-01
8.094809480948094160e-01 7.965796579657968834e-01 8.064806480648070153e-01 7.473747374737477189e-01
6.789678967896792816e-01 8.490849084908496103e-01 8.841884188418850377e-01 1.022502250225022502e+00
9.033903390339041994e-01 9.900990099009907563e-01 6.174617461746177982e-01 8.361836183618366336e-01
7.671767176717678716e-01 7.317731773177326149e-01 5.952595259525949034e-01 7.173717371737178272e-01
