9.860999999999999766e-01 9.824000000000000510e-01 9.878000000000000114e-01 9.829999999999999849e-01
9.643000000000000460e-01 9.465000000000000080e-01 9.560999999999999499e-01 9.543000000000000371e-01
9.326999999999999735e-01 9.243999999999999995e-01 9.351000000000000423e-01 9.328999999999999515e-01
9.004999999999999671e-01 8.969000000000000306e-01 8.822999999999999732e-01 9.015999999999999570e-01
8.481999999999999540e-01 8.656000000000000361e-01 8.571999999999999620e-01 8.595000000000000417e-01
8.591999999999999638e-01 8.459999999999999742e-01 8.330999999999999517e-01 8.474000000000000421e-01
7.897999999999999465e-01 8.356000000000000094e-01 7.993999999999999995e-01 7.902000000000000135e-01
7.935999999999999721e-01 7.521999999999999797e-01 7.844999999999999751e-01 7.804999999999999716e-01
7.473999999999999533e-01 7.922000000000000153e-01 7.264000000000000457e-01 7.348000000000000087e-01
7.271999999999999575e-01 7.055000000000000160e-01 7.319999999999999840e-01 7.193000000000000504e-01
