9.951822318539575996e-01 1.003926510878615730e+00 9.962232174521310490e-01 9.924756692987061202e-01
9.871697696145436129e-01 9.926972886079287184e-01 1.009505458608221939e+00 9.682182759229376323e-01
1.075981910766558247e+00 1.066324722519505386e+00 1.005814492363921842e+00 9.951793610032436677e-01
1.071141350553186156e+00 8.929710418104163105e-01 9.853016776421712475e-01 9.552312983971091853e-01
9.922159864448876210e-01 1.032266371314408016e+00 9.386719235189699972e-01 1.051502040033102325e+00
1.132772266028680308e+00 1.006770407269653944e+00 1.025437349308028212e+00 1.058260055725503079e+00
9.310144433810179088e-01 9.593342743583871401e-01 9.802370067464454273e-01 1.061825091228866924e+00
1.058581397703711291e+00 9.802153201170171748e-01 9.955597269172090646e-01 1.070820388841959625e+00
8.167506402994032522e-01 9.917403557683011073e-01 9.786755127581797664e-01 1.121399025035414221e+00
1.203836105847271298e+00 9.614386005715378491e-01 1.114170480001911434e+00 1.122536411599923678e+00
