7.536000000000000476e-01 7.287000000000000144e-01 8.135999999999999899e-01 7.099999999999999645e-01
5.171000000000000041e-01 4.636000000000000121e-01 4.869999999999999885e-01 5.071999999999999842e-01
4.250999999999999779e-01 2.983000000000000096e-01 4.405999999999999917e-01 3.183000000000000274e-01
3.377000000000000002e-01 2.904999999999999805e-01 3.341000000000000081e-01 1.484999999999999931e-01
2.642999999999999794e-01 1.517999999999999905e-01 2.792000000000000037e-01 2.094000000000000028e-01
3.185999999999999943e-01 1.388999999999999957e-01 1.922999999999999987e-01 1.892999999999999960e-01
1.197000000000000008e-01 1.870999999999999885e-01 1.748999999999999999e-01 1.521000000000000130e-01
9.099999999999999756e-02 1.617000000000000104e-01 1.006999999999999978e-01 7.180000000000000271e-02
8.200000000000000344e-02 9.039999999999999425e-02 9.929999999999999938e-02 1.613999999999999879e-01
5.619999999999999996e-02 6.270000000000000573e-02 1.028000000000000025e-01 7.019999999999999851e-02
