7.464746474647464547e-01 7.017701770177017240e-01 6.570657065706571043e-01 7.428742874287428410e-01 6.864686468646864492e-01 6.300630063006300574e-01 8.061806180618061868e-01 7.371737173717372027e-01 6.777677767776777440e-01 7.212721272127212702e-01 6.720672067206721056e-01 6.069606960696070086e-01
5.106510651065107043e-01 3.684368436843684091e-01 3.195319531953195180e-01 4.524452445244524501e-01 2.748274827482748428e-01 2.457245724572457157e-01 4.872487248724872710e-01 3.369336933693369285e-01 2.274227422742274296e-01 5.073507350735073640e-01 3.600360036003600328e-01 2.886288628862886396e-01
3.207320732073207226e-01 2.472247224722472214e-01 1.500150015001500137e-01 3.717371737173717494e-01 2.208220822082208323e-01 1.527152715271527239e-01 4.233423342334233230e-01 2.334233423342334246e-01 1.371137113711371203e-01 4.443444344434443471e-01 1.095109510951095128e-01 1.143114311431143171e-01
3.579357935793579526e-01 1.650165016501650150e-01 1.179117911791179169e-01 3.045304530453045166e-01 1.386138613861386260e-01 4.410441044104410763e-02 1.842184218421842046e-01 7.140714071407140706e-02 3.690369036903690114e-02 4.794479447944794415e-01 3.099309930993099371e-01 6.570657065706571320e-02
2.925292529252925267e-01 9.240924092409240342e-02 6.420642064206420752e-02 3.144314431443144264e-01 6.780678067806780729e-02 9.570957095709571594e-02 2.625262526252625239e-01 9.990999099909990411e-02 3.870387038703870103e-02 2.016201620162016150e-01 7.950795079507951002e-02 5.280528052805280592e-02
3.270327032703270187e-01 7.770777077707770319e-02 4.590459045904590751e-02 2.424242424242424310e-01 1.005100510051005064e-01 5.550555055505550228e-02 1.545154515451545030e-01 6.120612061206120308e-02 4.830483048304830274e-02 1.332133213321332055e-01 7.080708070807080479e-02 5.430543054305430467e-02
7.770777077707770319e-02 3.750375037503750342e-02 3.780378037803780455e-02 1.719171917191719134e-01 5.280528052805280592e-02 3.150315031503150148e-02 8.490849084908490274e-02 7.950795079507951002e-02 3.720372037203720228e-02 1.263126312631263071e-01 4.950495049504950729e-02 5.790579057905790444e-02
1.218121812181218178e-01 6.240624062406240763e-02 3.270327032703270603e-02 1.764176417641764305e-01 7.680768076807681366e-02 8.520852085208520388e-02 8.640864086408640843e-02 2.940294029402940393e-02 2.820282028202820285e-02 6.690669066906690388e-02 3.900390039003900217e-02 2.580258025802580416e-02
8.460846084608460160e-02 6.180618061806180535e-02 3.180318031803180262e-02 7.410741074107410342e-02 3.630363036303630581e-02 2.820282028202820285e-02 1.116111611161116068e-01 4.560456045604560638e-02 4.200420042004200660e-02 1.440144014401440187e-01 4.140414041404140433e-02 2.580258025802580416e-02
8.730873087308731184e-02 3.240324032403240490e-02 2.910291029102910279e-02 1.455145514551455244e-01 3.930393039303930330e-02 3.780378037803780455e-02 5.040504050405040376e-02 3.120312031203120381e-02 4.560456045604560638e-02 8.730873087308731184e-02 2.910291029102910279e-02 2.430243024302430194e-02
