7.911791179117914075e-01 7.992799279927986777e-01 8.847884788478846962e-01 7.545754575457545021e-01
7.461746174617471805e-01 7.785778577857797034e-01 6.783678367836787348e-01 7.305730573057308552e-01
3.705370537053706004e-01 6.054605460546058637e-01 7.068706870687074817e-01 1.118811881188120916e+00
6.966696669666974095e-01 5.418541854185419115e-01 3.753375337533759737e-01 5.742574257425743234e-01
6.645664566456652711e-01 8.355835583558368640e-01 5.265526552655271919e-01 4.191419141914196622e-01
7.938793879387950891e-01 4.812481248124816924e-01 3.282328232823286118e-01 2.415241524152416386e-01
1.584158415841586676e-01 3.888388838883893306e-01 5.340534053405317227e-02 2.883288328832886993e-01
2.109210921092110336e-01 3.840384038403847899e-01 1.992199219921994835e-01 1.095109510951095960e-01
1.002100210021001497e-01 1.416141614161417484e-01 2.400240024002402717e-01 3.336333633363340323e-01
1.938193819381940908e-01 3.564356435643568077e-01 1.032103210321033554e-01 1.989198919891992656e-01
