3.140285714285714347e-01 2.495999999999999885e-01 2.508857142857142675e-01 2.487999999999999934e-01 3.138357142857142734e-01
3.118571428571428328e-01 2.514142857142857013e-01 2.500000000000000000e-01 2.489142857142857268e-01 3.106892857142857234e-01
3.187714285714285944e-01 2.513857142857142679e-01 2.499285714285714166e-01 2.483571428571428596e-01 3.219892857142857001e-01
3.319714285714285840e-01 2.531428571428571694e-01 2.510714285714285565e-01 2.498285714285714276e-01 3.298714285714285932e-01
3.156571428571428584e-01 2.508285714285714563e-01 2.483428571428571430e-01 2.487142857142857211e-01 3.126499999999999835e-01
3.068857142857142617e-01 2.515857142857143014e-01 2.479000000000000092e-01 2.498571428571428610e-01 3.036678571428571560e-01
3.020571428571428574e-01 2.517142857142857237e-01 2.533714285714285808e-01 2.509285714285714453e-01 3.017071428571428404e-01
3.322999999999999843e-01 2.518428571428571461e-01 2.522428571428571575e-01 2.514285714285714457e-01 3.320857142857142619e-01
3.147285714285714131e-01 2.517571428571428460e-01 2.477000000000000035e-01 2.470857142857142974e-01 3.131357142857142950e-01
3.164714285714285702e-01 2.515714285714285570e-01 2.505428571428571227e-01 2.509428571428571342e-01 3.179678571428571354e-01
3.189000000000000168e-01 2.508142857142857118e-01 2.507142857142857229e-01 2.504571428571428782e-01 3.189750000000000085e-01
3.219857142857142640e-01 2.487428571428571544e-01 2.474857142857142811e-01 2.494142857142857272e-01 3.244464285714285801e-01
3.388999999999999790e-01 2.516714285714285460e-01 2.490857142857142992e-01 2.506142857142857339e-01 3.392999999999999905e-01
3.361428571428571321e-01 2.508000000000000229e-01 2.485285714285714320e-01 2.490142857142857158e-01 3.319642857142857117e-01
3.420285714285714040e-01 2.531999999999999806e-01 2.542714285714285927e-01 2.498285714285714276e-01 3.435678571428571471e-01
3.239714285714285769e-01 2.520857142857143018e-01 2.512285714285714122e-01 2.472142857142857197e-01 3.273214285714285965e-01
3.245571428571428774e-01 2.513714285714285790e-01 2.489714285714285658e-01 2.518857142857142684e-01 3.261071428571428732e-01
3.213714285714285857e-01 2.523142857142857132e-01 2.461285714285714188e-01 2.511571428571428566e-01 3.206749999999999878e-01
3.434714285714285942e-01 2.513142857142857123e-01 2.468142857142857083e-01 2.500857142857143001e-01 3.410857142857142699e-01
3.352142857142856869e-01 2.524857142857143133e-01 2.496571428571428553e-01 2.482571428571428707e-01 3.331392857142856934e-01
3.084714285714285631e-01 2.473285714285714254e-01 2.505000000000000004e-01 2.484714285714285653e-01 3.076821428571428485e-01
3.130000000000000004e-01 2.509714285714285675e-01 2.479142857142857259e-01 2.445428571428571451e-01 3.110214285714285598e-01
3.171571428571428597e-01 2.531142857142857361e-01 2.489142857142857268e-01 2.494571428571428495e-01 3.164785714285714424e-01
3.221857142857142975e-01 2.510857142857143010e-01 2.495428571428571496e-01 2.487999999999999934e-01 3.223750000000000226e-01
3.197571428571428509e-01 2.510000000000000009e-01 2.496714285714285719e-01 2.473428571428571421e-01 3.174428571428571377e-01
3.276428571428571246e-01 2.526999999999999802e-01 2.515857142857143014e-01 2.524285714285714466e-01 3.276392857142856885e-01
3.384285714285714119e-01 2.530571428571428694e-01 2.520428571428571241e-01 2.470285714285714307e-01 3.392428571428571238e-01
3.131857142857142895e-01 2.524428571428571355e-01 2.496714285714285719e-01 2.476714285714285702e-01 3.103571428571428314e-01
3.039857142857143035e-01 2.512142857142857233e-01 2.504857142857143115e-01 2.497857142857142776e-01 3.052321428571428408e-01
3.305142857142857049e-01 2.494999999999999996e-01 2.492142857142857215e-01 2.504714285714285671e-01 3.308714285714285941e-01
3.087428571428571522e-01 2.502857142857142780e-01 2.480428571428571483e-01 2.499857142857142833e-01 3.086785714285714133e-01
3.079285714285714404e-01 2.511428571428571677e-01 2.500714285714285556e-01 2.515428571428571236e-01 3.091749999999999776e-01
3.257714285714285452e-01 2.513285714285714012e-01 2.491142857142857048e-01 2.489142857142857268e-01 3.265928571428571292e-01
3.101285714285714201e-01 2.521428571428571686e-01 2.491428571428571381e-01 2.507428571428571562e-01 3.079999999999999960e-01
3.333714285714285963e-01 2.469857142857142807e-01 2.505428571428571227e-01 2.488428571428571434e-01 3.313714285714285945e-01
2.967714285714285749e-01 2.524000000000000132e-01 2.506142857142857339e-01 2.503714285714285781e-01 2.981892857142857123e-01
3.145428571428571241e-01 2.527285714285714135e-01 2.521999999999999797e-01 2.524428571428571355e-01 3.171214285714285541e-01
3.049000000000000044e-01 2.523714285714285799e-01 2.522285714285714131e-01 2.520428571428571241e-01 3.049928571428571211e-01
3.163714285714285812e-01 2.492000000000000048e-01 2.480428571428571483e-01 2.512428571428571566e-01 3.183750000000000191e-01
3.135000000000000009e-01 2.510857142857143010e-01 2.464999999999999969e-01 2.516285714285714237e-01 3.153071428571428414e-01
3.169285714285714484e-01 2.499428571428571333e-01 2.502428571428571558e-01 2.507571428571428451e-01 3.153785714285714525e-01
3.213142857142857189e-01 2.490857142857142992e-01 2.486142857142857043e-01 2.536428571428571699e-01 3.215285714285714413e-01
3.261142857142856899e-01 2.498285714285714276e-01 2.521857142857142908e-01 2.487857142857142767e-01 3.258499999999999730e-01
3.117571428571428438e-01 2.494999999999999996e-01 2.495714285714285829e-01 2.507571428571428451e-01 3.148392857142857104e-01
3.150571428571428689e-01 2.505285714285714338e-01 2.498428571428571443e-01 2.515428571428571236e-01 3.160607142857143059e-01
3.365285714285714547e-01 2.516857142857142904e-01 2.474857142857142811e-01 2.481428571428571372e-01 3.328607142857142875e-01
3.398571428571428577e-01 2.491714285714285715e-01 2.494000000000000106e-01 2.473428571428571421e-01 3.411285714285714477e-01
3.355142857142857093e-01 2.513571428571428346e-01 2.511571428571428566e-01 2.511285714285714232e-01 3.349928571428571478e-01
3.129714285714285671e-01 2.510142857142856898e-01 2.508571428571428341e-01 2.489142857142857268e-01 3.167321428571428510e-01
3.446000000000000174e-01 2.496857142857142886e-01 2.458285714285714241e-01 2.492714285714285605e-01 3.443464285714285533e-01
3.236857142857142988e-01 2.511142857142857343e-01 2.483857142857142930e-01 2.486571428571428544e-01 3.256392857142856867e-01
3.041142857142857259e-01 2.503285714285714558e-01 2.508000000000000229e-01 2.510999999999999899e-01 3.033607142857142613e-01
3.448285714285714287e-01 2.544428571428571373e-01 2.518142857142857127e-01 2.484857142857142820e-01 3.457571428571428740e-01
3.147857142857142798e-01 2.502571428571428447e-01 2.472857142857142754e-01 2.501857142857142891e-01 3.158035714285714057e-01
3.357285714285714318e-01 2.522571428571428465e-01 2.485857142857142987e-01 2.485571428571428654e-01 3.354785714285714038e-01
3.275714285714285690e-01 2.521285714285714241e-01 2.521857142857142908e-01 2.499428571428571333e-01 3.277178571428571163e-01
3.203571428571428403e-01 2.457714285714285851e-01 2.480857142857142983e-01 2.503142857142857114e-01 3.241178571428571242e-01
3.503999999999999893e-01 2.525000000000000022e-01 2.487571428571428434e-01 2.477000000000000035e-01 3.495500000000000274e-01
3.107857142857142763e-01 2.503000000000000225e-01 2.507857142857142785e-01 2.495857142857142719e-01 3.127178571428571585e-01
3.021142857142857241e-01 2.516142857142857348e-01 2.496428571428571386e-01 2.498428571428571443e-01 2.996035714285714135e-01
2.923857142857143043e-01 2.498571428571428610e-01 2.514285714285714457e-01 2.488142857142857101e-01 2.932464285714285745e-01
3.190571428571428725e-01 2.543571428571428372e-01 2.505285714285714338e-01 2.508857142857142675e-01 3.213535714285714051e-01
3.013714285714285679e-01 2.478714285714285759e-01 2.504714285714285671e-01 2.481571428571428539e-01 3.000571428571428556e-01
3.037000000000000255e-01 2.504714285714285671e-01 2.502571428571428447e-01 2.471428571428571364e-01 3.026785714285714080e-01
3.148000000000000242e-01 2.473428571428571421e-01 2.522571428571428465e-01 2.504000000000000115e-01 3.162857142857142811e-01
3.269285714285714017e-01 2.477428571428571535e-01 2.497000000000000053e-01 2.517142857142857237e-01 3.254535714285714532e-01
3.279857142857142693e-01 2.520142857142856907e-01 2.506999999999999784e-01 2.490571428571428658e-01 3.256178571428571256e-01
3.293857142857142817e-01 2.495571428571428663e-01 2.523857142857142688e-01 2.484000000000000097e-01 3.294250000000000234e-01
3.102285714285714091e-01 2.494285714285714162e-01 2.477285714285714369e-01 2.517571428571428460e-01 3.101999999999999758e-01
3.121857142857142886e-01 2.488571428571428601e-01 2.507285714285714118e-01 2.504142857142857004e-01 3.101071428571428590e-01
3.079000000000000070e-01 2.487999999999999934e-01 2.516428571428571681e-01 2.500571428571428667e-01 3.089500000000000024e-01
3.197714285714285953e-01 2.514000000000000123e-01 2.522142857142857242e-01 2.500999999999999890e-01 3.187999999999999723e-01
3.083000000000000185e-01 2.521714285714285464e-01 2.513285714285714012e-01 2.513571428571428346e-01 3.088821428571428829e-01
3.125714285714285556e-01 2.504428571428571337e-01 2.495428571428571496e-01 2.484571428571428486e-01 3.139785714285714402e-01
3.050285714285714267e-01 2.498714285714285777e-01 2.492714285714285605e-01 2.522857142857142798e-01 3.037785714285714533e-01
2.993857142857143105e-01 2.489571428571428491e-01 2.512428571428571566e-01 2.491857142857142882e-01 3.040857142857142925e-01
3.304142857142857159e-01 2.508000000000000229e-01 2.486428571428571377e-01 2.477285714285714369e-01 3.321214285714285674e-01
3.097571428571428420e-01 2.520714285714285574e-01 2.503000000000000225e-01 2.501285714285714223e-01 3.087392857142857161e-01
3.122714285714285887e-01 2.534571428571428808e-01 2.524000000000000132e-01 2.502428571428571558e-01 3.159714285714285698e-01
3.145285714285714351e-01 2.511142857142857343e-01 2.480714285714285816e-01 2.525142857142856911e-01 3.141857142857142904e-01
3.164285714285714479e-01 2.505714285714285561e-01 2.514285714285714457e-01 2.491857142857142882e-01 3.158178571428571502e-01
3.285285714285714476e-01 2.467285714285714360e-01 2.501142857142857334e-01 2.494999999999999996e-01 3.288142857142857256e-01
3.212285714285714189e-01 2.496714285714285719e-01 2.504000000000000115e-01 2.498714285714285777e-01 3.251928571428571169e-01
3.086142857142857299e-01 2.488285714285714267e-01 2.500999999999999890e-01 2.524285714285714466e-01 3.087035714285714105e-01
3.351142857142856979e-01 2.501285714285714223e-01 2.494571428571428495e-01 2.493714285714285772e-01 3.374928571428571500e-01
3.209428571428571408e-01 2.511999999999999789e-01 2.533428571428571474e-01 2.499428571428571333e-01 3.196392857142857369e-01
3.130000000000000004e-01 2.504571428571428782e-01 2.514285714285714457e-01 2.509000000000000119e-01 3.125392857142857417e-01
3.120428571428571218e-01 2.472428571428571531e-01 2.476571428571428535e-01 2.479000000000000092e-01 3.104321428571428787e-01
3.148571428571428354e-01 2.500857142857143001e-01 2.494285714285714162e-01 2.493714285714285772e-01 3.126178571428571695e-01
3.213857142857142746e-01 2.511571428571428566e-01 2.500714285714285556e-01 2.482142857142857206e-01 3.230535714285714399e-01
3.039857142857143035e-01 2.498571428571428610e-01 2.464142857142857246e-01 2.539285714285714479e-01 3.011107142857142871e-01
3.069285714285714395e-01 2.512571428571428456e-01 2.510000000000000009e-01 2.490857142857142992e-01 3.078107142857142708e-01
3.123285714285714554e-01 2.516428571428571681e-01 2.508571428571428341e-01 2.483857142857142930e-01 3.094964285714285612e-01
3.363142857142857323e-01 2.510857142857143010e-01 2.526999999999999802e-01 2.487000000000000044e-01 3.354535714285714065e-01
3.139285714285714457e-01 2.519000000000000128e-01 2.537714285714285922e-01 2.503857142857142670e-01 3.167214285714285982e-01
3.314714285714285835e-01 2.509571428571428786e-01 2.516428571428571681e-01 2.504714285714285671e-01 3.355142857142857093e-01
3.143142857142857127e-01 2.514571428571428791e-01 2.521285714285714241e-01 2.494142857142857272e-01 3.147071428571428520e-01
3.452714285714285625e-01 2.513285714285714012e-01 2.500000000000000000e-01 2.497000000000000053e-01 3.427785714285714325e-01
3.340714285714285747e-01 2.502571428571428447e-01 2.514142857142857013e-01 2.504285714285714448e-01 3.363857142857142879e-01
3.024000000000000021e-01 2.484999999999999987e-01 2.509285714285714453e-01 2.490285714285714325e-01 2.990392857142857297e-01
