3.214500000000000135e-01 2.534000000000000141e-01 2.528000000000000247e-01 2.490499999999999936e-01 3.216749999999999887e-01
3.057000000000000273e-01 2.511249999999999871e-01 2.506499999999999839e-01 2.531249999999999889e-01 3.106187499999999990e-01
3.285000000000000142e-01 2.532249999999999779e-01 2.503500000000000170e-01 2.516749999999999821e-01 3.261812499999999782e-01
3.075749999999999873e-01 2.483249999999999902e-01 2.482000000000000040e-01 2.501499999999999835e-01 3.075437500000000046e-01
3.343749999999999778e-01 2.481250000000000122e-01 2.497250000000000025e-01 2.503000000000000225e-01 3.386437500000000211e-01
3.264000000000000234e-01 2.534750000000000059e-01 2.516499999999999848e-01 2.482749999999999957e-01 3.298499999999999766e-01
3.109750000000000014e-01 2.546249999999999902e-01 2.485249999999999959e-01 2.499750000000000028e-01 3.125187500000000118e-01
3.079000000000000070e-01 2.524250000000000105e-01 2.514500000000000068e-01 2.491250000000000131e-01 3.114937500000000137e-01
3.105499999999999927e-01 2.526749999999999829e-01 2.537499999999999756e-01 2.530749999999999944e-01 3.139374999999999805e-01
3.145499999999999963e-01 2.501249999999999862e-01 2.469500000000000028e-01 2.505249999999999977e-01 3.180312499999999876e-01
3.127499999999999725e-01 2.510999999999999899e-01 2.516749999999999821e-01 2.506499999999999839e-01 3.100375000000000214e-01
3.259750000000000147e-01 2.464500000000000024e-01 2.538500000000000201e-01 2.499000000000000110e-01 3.290562499999999946e-01
3.055249999999999910e-01 2.505749999999999922e-01 2.501999999999999780e-01 2.488499999999999879e-01 3.114187500000000219e-01
3.097750000000000226e-01 2.510749999999999926e-01 2.487999999999999934e-01 2.507249999999999757e-01 3.090875000000000150e-01
3.117750000000000243e-01 2.535250000000000004e-01 2.524750000000000050e-01 2.520749999999999935e-01 3.137437499999999879e-01
3.231999999999999873e-01 2.483750000000000124e-01 2.503000000000000225e-01 2.475749999999999895e-01 3.229500000000000148e-01
2.896250000000000213e-01 2.494250000000000078e-01 2.501499999999999835e-01 2.477499999999999980e-01 2.896062500000000095e-01
3.305500000000000105e-01 2.476500000000000090e-01 2.509250000000000091e-01 2.532749999999999724e-01 3.309187499999999837e-01
3.359500000000000264e-01 2.473750000000000115e-01 2.476500000000000090e-01 2.510499999999999954e-01 3.367687500000000056e-01
3.232999999999999763e-01 2.512249999999999761e-01 2.497000000000000053e-01 2.490999999999999881e-01 3.254312500000000052e-01
3.037750000000000172e-01 2.468750000000000111e-01 2.486750000000000071e-01 2.498750000000000138e-01 3.054687500000000111e-01
3.284500000000000197e-01 2.508500000000000174e-01 2.506499999999999839e-01 2.474750000000000005e-01 3.331062499999999926e-01
3.078500000000000125e-01 2.521499999999999853e-01 2.487499999999999989e-01 2.492250000000000021e-01 3.062937499999999758e-01
3.171249999999999902e-01 2.532249999999999779e-01 2.491250000000000131e-01 2.503500000000000170e-01 3.170000000000000040e-01
3.237999999999999767e-01 2.500999999999999890e-01 2.503500000000000170e-01 2.478750000000000120e-01 3.230875000000000274e-01
3.253750000000000253e-01 2.540250000000000008e-01 2.505000000000000004e-01 2.503750000000000142e-01 3.218562500000000104e-01
3.085749999999999882e-01 2.521249999999999880e-01 2.475999999999999868e-01 2.522499999999999742e-01 3.113937500000000247e-01
3.289000000000000257e-01 2.479750000000000010e-01 2.506249999999999867e-01 2.469000000000000083e-01 3.300562499999999955e-01
3.318999999999999728e-01 2.542749999999999733e-01 2.518000000000000238e-01 2.487499999999999989e-01 3.326062499999999922e-01
3.274250000000000216e-01 2.528250000000000219e-01 2.503750000000000142e-01 2.483249999999999902e-01 3.296875000000000222e-01
3.185499999999999998e-01 2.484250000000000069e-01 2.489500000000000046e-01 2.538000000000000256e-01 3.176875000000000115e-01
3.328249999999999820e-01 2.543500000000000205e-01 2.518500000000000183e-01 2.478750000000000120e-01 3.331875000000000253e-01
3.294000000000000261e-01 2.513000000000000234e-01 2.500499999999999945e-01 2.477000000000000035e-01 3.301562499999999845e-01
3.245500000000000052e-01 2.489500000000000046e-01 2.488499999999999879e-01 2.527750000000000274e-01 3.221687500000000037e-01
3.442250000000000032e-01 2.545499999999999985e-01 2.478499999999999870e-01 2.492999999999999938e-01 3.451687500000000242e-01
3.366999999999999993e-01 2.485999999999999877e-01 2.509750000000000036e-01 2.447999999999999898e-01 3.305687500000000223e-01
3.364500000000000268e-01 2.497999999999999943e-01 2.508250000000000202e-01 2.477000000000000035e-01 3.376312499999999939e-01
3.130499999999999949e-01 2.497749999999999970e-01 2.510249999999999981e-01 2.496250000000000135e-01 3.124312499999999937e-01
3.191999999999999837e-01 2.518750000000000155e-01 2.506249999999999867e-01 2.463750000000000107e-01 3.169562499999999949e-01
3.185250000000000026e-01 2.525499999999999967e-01 2.514750000000000041e-01 2.477000000000000035e-01 3.249312500000000048e-01
3.208250000000000268e-01 2.512249999999999761e-01 2.486250000000000127e-01 2.508250000000000202e-01 3.188312500000000105e-01
3.194750000000000090e-01 2.529750000000000054e-01 2.487250000000000016e-01 2.497749999999999970e-01 3.155749999999999944e-01
3.115499999999999936e-01 2.521499999999999853e-01 2.478499999999999870e-01 2.506249999999999867e-01 3.088437499999999725e-01
3.164750000000000063e-01 2.537749999999999728e-01 2.543750000000000178e-01 2.515000000000000013e-01 3.110125000000000250e-01
3.176999999999999824e-01 2.487749999999999961e-01 2.485249999999999959e-01 2.519500000000000073e-01 3.146249999999999880e-01
3.141499999999999848e-01 2.498499999999999888e-01 2.503250000000000197e-01 2.432999999999999885e-01 3.162874999999999992e-01
3.196499999999999897e-01 2.458249999999999880e-01 2.476500000000000090e-01 2.492250000000000021e-01 3.159000000000000141e-01
3.199000000000000177e-01 2.520749999999999935e-01 2.521749999999999825e-01 2.489999999999999991e-01 3.193312500000000109e-01
3.374750000000000250e-01 2.504750000000000032e-01 2.500000000000000000e-01 2.475999999999999868e-01 3.381124999999999825e-01
3.334750000000000214e-01 2.502499999999999725e-01 2.530749999999999944e-01 2.472250000000000003e-01 3.298875000000000002e-01
3.069250000000000034e-01 2.495249999999999968e-01 2.497000000000000053e-01 2.498249999999999915e-01 3.067312500000000108e-01
3.174500000000000099e-01 2.479750000000000010e-01 2.513500000000000179e-01 2.495749999999999913e-01 3.168437499999999796e-01
3.180749999999999966e-01 2.503000000000000225e-01 2.500249999999999972e-01 2.470499999999999918e-01 3.150312499999999849e-01
3.171249999999999902e-01 2.542499999999999760e-01 2.537249999999999783e-01 2.488249999999999906e-01 3.134500000000000064e-01
3.159750000000000059e-01 2.519750000000000045e-01 2.513250000000000206e-01 2.462499999999999967e-01 3.167749999999999733e-01
3.454999999999999738e-01 2.480249999999999955e-01 2.490749999999999909e-01 2.472499999999999976e-01 3.480187499999999878e-01
3.236249999999999960e-01 2.518500000000000183e-01 2.500249999999999972e-01 2.506249999999999867e-01 3.262437499999999990e-01
3.109500000000000042e-01 2.489500000000000046e-01 2.510000000000000009e-01 2.495499999999999940e-01 3.133937500000000265e-01
3.440500000000000225e-01 2.533750000000000169e-01 2.452249999999999985e-01 2.512750000000000261e-01 3.420750000000000179e-01
3.069749999999999979e-01 2.449250000000000038e-01 2.489500000000000046e-01 2.529500000000000082e-01 3.111937499999999912e-01
3.316000000000000059e-01 2.501249999999999862e-01 2.510999999999999899e-01 2.509500000000000064e-01 3.331749999999999989e-01
3.219250000000000167e-01 2.518250000000000210e-01 2.501499999999999835e-01 2.482250000000000012e-01 3.220500000000000029e-01
3.251249999999999973e-01 2.482999999999999929e-01 2.499500000000000055e-01 2.490249999999999964e-01 3.207187499999999969e-01
3.304750000000000187e-01 2.517499999999999738e-01 2.485749999999999904e-01 2.506999999999999784e-01 3.337187500000000084e-01
3.154000000000000137e-01 2.514750000000000041e-01 2.497999999999999943e-01 2.501499999999999835e-01 3.166312499999999752e-01
3.133000000000000229e-01 2.507750000000000257e-01 2.466250000000000109e-01 2.534500000000000086e-01 3.142312500000000175e-01
3.386250000000000093e-01 2.477749999999999952e-01 2.504000000000000115e-01 2.508750000000000147e-01 3.355187499999999767e-01
3.217499999999999805e-01 2.529500000000000082e-01 2.518500000000000183e-01 2.500249999999999972e-01 3.163124999999999964e-01
3.155999999999999917e-01 2.464250000000000052e-01 2.531749999999999834e-01 2.495999999999999885e-01 3.204437500000000272e-01
3.140499999999999958e-01 2.521249999999999880e-01 2.505499999999999949e-01 2.511499999999999844e-01 3.143812500000000010e-01
3.127750000000000252e-01 2.479250000000000065e-01 2.527750000000000274e-01 2.502499999999999725e-01 3.116875000000000062e-01
3.365750000000000131e-01 2.554250000000000131e-01 2.493249999999999911e-01 2.496750000000000080e-01 3.380624999999999880e-01
3.217999999999999750e-01 2.536999999999999811e-01 2.497250000000000025e-01 2.523250000000000215e-01 3.211375000000000202e-01
3.317749999999999866e-01 2.494750000000000023e-01 2.508250000000000202e-01 2.486750000000000071e-01 3.302375000000000171e-01
3.072250000000000258e-01 2.492250000000000021e-01 2.489500000000000046e-01 2.510000000000000009e-01 3.098187499999999761e-01
3.206249999999999933e-01 2.523250000000000215e-01 2.472749999999999948e-01 2.495249999999999968e-01 3.216625000000000179e-01
3.026499999999999746e-01 2.510000000000000009e-01 2.480999999999999872e-01 2.492999999999999938e-01 3.092937499999999784e-01
3.128500000000000170e-01 2.479999999999999982e-01 2.497499999999999998e-01 2.492749999999999966e-01 3.138437499999999769e-01
3.118750000000000133e-01 2.522249999999999770e-01 2.500249999999999972e-01 2.509500000000000064e-01 3.119812499999999877e-01
3.091249999999999831e-01 2.504000000000000115e-01 2.489250000000000074e-01 2.472999999999999921e-01 3.081125000000000114e-01
3.053000000000000158e-01 2.518000000000000238e-01 2.512499999999999734e-01 2.501999999999999780e-01 3.085875000000000146e-01
3.147750000000000270e-01 2.499500000000000055e-01 2.507249999999999757e-01 2.481250000000000122e-01 3.136125000000000163e-01
3.196499999999999897e-01 2.498750000000000138e-01 2.482000000000000040e-01 2.494250000000000078e-01 3.220500000000000029e-01
3.178250000000000242e-01 2.530749999999999944e-01 2.480249999999999955e-01 2.494000000000000106e-01 3.143374999999999919e-01
3.235000000000000098e-01 2.512249999999999761e-01 2.491500000000000103e-01 2.490999999999999881e-01 3.279374999999999929e-01
3.050999999999999823e-01 2.481500000000000095e-01 2.506499999999999839e-01 2.535499999999999976e-01 3.044062499999999893e-01
3.388749999999999818e-01 2.492499999999999993e-01 2.495249999999999968e-01 2.511499999999999844e-01 3.375500000000000167e-01
3.240500000000000047e-01 2.489250000000000074e-01 2.475749999999999895e-01 2.487250000000000016e-01 3.248062500000000186e-01
3.069749999999999979e-01 2.475499999999999923e-01 2.497250000000000025e-01 2.491750000000000076e-01 3.093562499999999993e-01
3.363499999999999823e-01 2.487250000000000016e-01 2.499250000000000083e-01 2.564500000000000113e-01 3.330062500000000036e-01
3.110749999999999904e-01 2.493249999999999911e-01 2.489500000000000046e-01 2.458500000000000130e-01 3.103250000000000175e-01
3.255500000000000060e-01 2.490999999999999881e-01 2.479250000000000065e-01 2.530000000000000027e-01 3.222125000000000128e-01
3.130999999999999894e-01 2.468500000000000139e-01 2.535749999999999948e-01 2.485749999999999904e-01 3.114937500000000137e-01
3.280500000000000083e-01 2.531499999999999861e-01 2.505499999999999949e-01 2.472250000000000003e-01 3.296875000000000222e-01
3.285500000000000087e-01 2.529250000000000109e-01 2.489750000000000019e-01 2.487999999999999934e-01 3.283625000000000016e-01
3.294250000000000234e-01 2.551999999999999824e-01 2.511999999999999789e-01 2.485499999999999932e-01 3.316812499999999830e-01
3.256000000000000005e-01 2.476250000000000118e-01 2.507750000000000257e-01 2.471500000000000086e-01 3.228750000000000231e-01
3.197249999999999814e-01 2.524250000000000105e-01 2.492999999999999938e-01 2.490999999999999881e-01 3.158250000000000224e-01
3.080999999999999850e-01 2.504500000000000060e-01 2.447749999999999926e-01 2.507499999999999729e-01 3.108937500000000242e-01
3.182499999999999774e-01 2.520000000000000018e-01 2.527750000000000274e-01 2.490749999999999909e-01 3.179750000000000076e-01
