5.032333333333333103e-01 2.793666666666666520e-01 2.556666666666666532e-01 2.519333333333333425e-01 5.029749999999999499e-01
4.969666666666666677e-01 2.748999999999999777e-01 2.524666666666666726e-01 2.489333333333333398e-01 4.939250000000000029e-01
5.163333333333333108e-01 2.811666666666666758e-01 2.528000000000000247e-01 2.476333333333333442e-01 5.150500000000000078e-01
5.278666666666667062e-01 2.818333333333333246e-01 2.570999999999999952e-01 2.491666666666666752e-01 5.248166666666667091e-01
4.994000000000000106e-01 2.774666666666666393e-01 2.576333333333333253e-01 2.497000000000000053e-01 5.008833333333333471e-01
4.830666666666666442e-01 2.757666666666666599e-01 2.481666666666666743e-01 2.484666666666666690e-01 4.863166666666666749e-01
4.815666666666666429e-01 2.698666666666666436e-01 2.524000000000000132e-01 2.502666666666666928e-01 4.773083333333333345e-01
5.332000000000000073e-01 2.846666666666666790e-01 2.615000000000000102e-01 2.544000000000000150e-01 5.327083333333333393e-01
5.034666666666666179e-01 2.779333333333333100e-01 2.510333333333333306e-01 2.532666666666666400e-01 5.007000000000000339e-01
5.094333333333332936e-01 2.845666666666666900e-01 2.570000000000000062e-01 2.512333333333333085e-01 5.072499999999999787e-01
5.022666666666666391e-01 2.808999999999999830e-01 2.586999999999999855e-01 2.529333333333333433e-01 5.065833333333333854e-01
5.169000000000000261e-01 2.848999999999999866e-01 2.492999999999999938e-01 2.523000000000000242e-01 5.214499999999999691e-01
5.442000000000000171e-01 2.919333333333333225e-01 2.553666666666666862e-01 2.462999999999999912e-01 5.422000000000000153e-01
5.330000000000000293e-01 2.923333333333333339e-01 2.541999999999999815e-01 2.515999999999999903e-01 5.304916666666666947e-01
5.430333333333333679e-01 2.933999999999999941e-01 2.567666666666666431e-01 2.565000000000000058e-01 5.484416666666667162e-01
5.246333333333332849e-01 2.832666666666666666e-01 2.556333333333333235e-01 2.545666666666666633e-01 5.204499999999999682e-01
5.212999999999999856e-01 2.891333333333333533e-01 2.535666666666666624e-01 2.464000000000000079e-01 5.212833333333333208e-01
5.108333333333333615e-01 2.821000000000000174e-01 2.513000000000000234e-01 2.494999999999999996e-01 5.114583333333333481e-01
5.422333333333333449e-01 2.985666666666666469e-01 2.594666666666666788e-01 2.518000000000000238e-01 5.453249999999999487e-01
5.271333333333333426e-01 2.895333333333333092e-01 2.570333333333333359e-01 2.533000000000000251e-01 5.298666666666667080e-01
4.895333333333333203e-01 2.698999999999999733e-01 2.535000000000000031e-01 2.466666666666666730e-01 4.878666666666666707e-01
4.963333333333333486e-01 2.771000000000000130e-01 2.530999999999999917e-01 2.456333333333333424e-01 4.960333333333333261e-01
5.040000000000000036e-01 2.795666666666666855e-01 2.542666666666666409e-01 2.492666666666666642e-01 5.033999999999999586e-01
5.072666666666666435e-01 2.829333333333333145e-01 2.510999999999999899e-01 2.477999999999999925e-01 5.115583333333333371e-01
5.137333333333333751e-01 2.812666666666666648e-01 2.529666666666666730e-01 2.465333333333333266e-01 5.098749999999999671e-01
5.231000000000000094e-01 2.927000000000000157e-01 2.546999999999999820e-01 2.503333333333333521e-01 5.255750000000000144e-01
5.418333333333332780e-01 2.929666666666666530e-01 2.597999999999999754e-01 2.541333333333333222e-01 5.412500000000000089e-01
4.956333333333333147e-01 2.766333333333333422e-01 2.555333333333333345e-01 2.481333333333333446e-01 4.967916666666666869e-01
4.843666666666666676e-01 2.761000000000000121e-01 2.488333333333333230e-01 2.513000000000000234e-01 4.820416666666666461e-01
5.260666666666666824e-01 2.862999999999999989e-01 2.548666666666666858e-01 2.503333333333333521e-01 5.287250000000000005e-01
4.870333333333333181e-01 2.735333333333333505e-01 2.484000000000000097e-01 2.462999999999999912e-01 4.877833333333333465e-01
4.909666666666666623e-01 2.744666666666666921e-01 2.504666666666666708e-01 2.496333333333333460e-01 4.922000000000000264e-01
5.199666666666666881e-01 2.868666666666666587e-01 2.527333333333333099e-01 2.469999999999999973e-01 5.229333333333333611e-01
4.899999999999999911e-01 2.754666666666666930e-01 2.561999999999999833e-01 2.529666666666666730e-01 4.914166666666666683e-01
5.282666666666666622e-01 2.894333333333333202e-01 2.553333333333333566e-01 2.512333333333333085e-01 5.302083333333332815e-01
4.706000000000000183e-01 2.727333333333333276e-01 2.524666666666666726e-01 2.525333333333333319e-01 4.707083333333333397e-01
5.017333333333333645e-01 2.780666666666666842e-01 2.523333333333333539e-01 2.493666666666666532e-01 5.039083333333332915e-01
4.781333333333333546e-01 2.727333333333333276e-01 2.572999999999999732e-01 2.525000000000000022e-01 4.866916666666666891e-01
5.071666666666666545e-01 2.822000000000000064e-01 2.520999999999999908e-01 2.471666666666666734e-01 5.053416666666666890e-01
5.016000000000000458e-01 2.757666666666666599e-01 2.490666666666666584e-01 2.472333333333333327e-01 5.016500000000000403e-01
5.093333333333333046e-01 2.797333333333333338e-01 2.523000000000000242e-01 2.542333333333333112e-01 5.030999999999999917e-01
5.150666666666666726e-01 2.841666666666666785e-01 2.526666666666666505e-01 2.507666666666666933e-01 5.154916666666666814e-01
5.229666666666666908e-01 2.884999999999999787e-01 2.514333333333333420e-01 2.466000000000000136e-01 5.213583333333333680e-01
5.071666666666666545e-01 2.810333333333333572e-01 2.543333333333333557e-01 2.494666666666666699e-01 5.025833333333333819e-01
5.060000000000000053e-01 2.792999999999999927e-01 2.523333333333333539e-01 2.499333333333333407e-01 5.051583333333333758e-01
5.353333333333333277e-01 2.893999999999999906e-01 2.593666666666666898e-01 2.530999999999999917e-01 5.360249999999999737e-01
5.412333333333333441e-01 2.952666666666666773e-01 2.553333333333333566e-01 2.521333333333333204e-01 5.425333333333333119e-01
5.287666666666667181e-01 2.888333333333333308e-01 2.620333333333333403e-01 2.498333333333333239e-01 5.341583333333332906e-01
5.017666666666666941e-01 2.788999999999999813e-01 2.514000000000000123e-01 2.509666666666666712e-01 5.036666666666667069e-01
5.517999999999999572e-01 3.003000000000000114e-01 2.558000000000000274e-01 2.519333333333333425e-01 5.487666666666666249e-01
5.165666666666666185e-01 2.842999999999999972e-01 2.540333333333333332e-01 2.520999999999999908e-01 5.198249999999999815e-01
4.826333333333333586e-01 2.758999999999999786e-01 2.523333333333333539e-01 2.477000000000000035e-01 4.834583333333333233e-01
5.540666666666667073e-01 2.979666666666666575e-01 2.565999999999999948e-01 2.528333333333333544e-01 5.522833333333333483e-01
5.021999999999999797e-01 2.839666666666666450e-01 2.555666666666666642e-01 2.501666666666666483e-01 5.051083333333333814e-01
5.419333333333333780e-01 2.907666666666666733e-01 2.573666666666666880e-01 2.505666666666666598e-01 5.331749999999999545e-01
5.225666666666666238e-01 2.888000000000000012e-01 2.520999999999999908e-01 2.476333333333333442e-01 5.191666666666666652e-01
5.164999999999999591e-01 2.883000000000000007e-01 2.539000000000000146e-01 2.504333333333333411e-01 5.188416666666666455e-01
5.516999999999999682e-01 3.033333333333333437e-01 2.562999999999999723e-01 2.555000000000000049e-01 5.540249999999999897e-01
5.004999999999999449e-01 2.792666666666666631e-01 2.579666666666666774e-01 2.500000000000000000e-01 4.992166666666666419e-01
4.739999999999999769e-01 2.698666666666666436e-01 2.498666666666666536e-01 2.516999999999999793e-01 4.738666666666666583e-01
4.592333333333333267e-01 2.688666666666666427e-01 2.519000000000000128e-01 2.510999999999999899e-01 4.584333333333333593e-01
5.075666666666667215e-01 2.807666666666666644e-01 2.530999999999999917e-01 2.503666666666666818e-01 5.107916666666666439e-01
4.800333333333333119e-01 2.720333333333333492e-01 2.500000000000000000e-01 2.497999999999999943e-01 4.764833333333333143e-01
4.802000000000000157e-01 2.699333333333333584e-01 2.523333333333333539e-01 2.550999999999999934e-01 4.779916666666666480e-01
5.028666666666666840e-01 2.756000000000000116e-01 2.505999999999999894e-01 2.499333333333333407e-01 5.011750000000000371e-01
5.180333333333333456e-01 2.836000000000000187e-01 2.531666666666666510e-01 2.538000000000000256e-01 5.180583333333332874e-01
5.259666666666666934e-01 2.870666666666666922e-01 2.560666666666666647e-01 2.506666666666666488e-01 5.199666666666666881e-01
5.250666666666666815e-01 2.825333333333333585e-01 2.582999999999999741e-01 2.484000000000000097e-01 5.250333333333333519e-01
4.966666666666666452e-01 2.761666666666666714e-01 2.548000000000000265e-01 2.495999999999999885e-01 4.905249999999999888e-01
4.949000000000000066e-01 2.752666666666666595e-01 2.540333333333333332e-01 2.543000000000000260e-01 4.950749999999999873e-01
4.905333333333333212e-01 2.734666666666666912e-01 2.562333333333333130e-01 2.504333333333333411e-01 4.917250000000000232e-01
5.071333333333333249e-01 2.806666666666666754e-01 2.509333333333333416e-01 2.510999999999999899e-01 5.087833333333333652e-01
4.944666666666666655e-01 2.762666666666666604e-01 2.564666666666666761e-01 2.525999999999999912e-01 4.940499999999999892e-01
5.056666666666667087e-01 2.881666666666666821e-01 2.530666666666666620e-01 2.477000000000000035e-01 5.000083333333333879e-01
4.815333333333333132e-01 2.740333333333333510e-01 2.538000000000000256e-01 2.491333333333333455e-01 4.829083333333333283e-01
4.827333333333333476e-01 2.731333333333333391e-01 2.498333333333333239e-01 2.508000000000000229e-01 4.826333333333333586e-01
5.298333333333333783e-01 2.886666666666666825e-01 2.611333333333333284e-01 2.449000000000000066e-01 5.307083333333333375e-01
4.943333333333333468e-01 2.764333333333333087e-01 2.577333333333333143e-01 2.487333333333333341e-01 4.919416666666666660e-01
5.064666666666666206e-01 2.794333333333333114e-01 2.515333333333333310e-01 2.507333333333333081e-01 5.045583333333333309e-01
5.062333333333333130e-01 2.797333333333333338e-01 2.570666666666666655e-01 2.504000000000000115e-01 5.002499999999999725e-01
5.101999999999999869e-01 2.814333333333333131e-01 2.568666666666666876e-01 2.479666666666666686e-01 5.074250000000000149e-01
5.239000000000000323e-01 2.918666666666666631e-01 2.548000000000000265e-01 2.579333333333333478e-01 5.274499999999999744e-01
5.191333333333333355e-01 2.891666666666666829e-01 2.555999999999999939e-01 2.480666666666666575e-01 5.180416666666666226e-01
4.939333333333333353e-01 2.780000000000000249e-01 2.504333333333333411e-01 2.521999999999999797e-01 4.906416666666666426e-01
5.379333333333333744e-01 2.918333333333333335e-01 2.558000000000000274e-01 2.497000000000000053e-01 5.353833333333333222e-01
5.127666666666667039e-01 2.814333333333333131e-01 2.550666666666666638e-01 2.445333333333333248e-01 5.134833333333332916e-01
4.995333333333333292e-01 2.814333333333333131e-01 2.528000000000000247e-01 2.511999999999999789e-01 4.976999999999999758e-01
4.977333333333333609e-01 2.752333333333333298e-01 2.481333333333333446e-01 2.500333333333333297e-01 4.937000000000000277e-01
4.974000000000000088e-01 2.780666666666666842e-01 2.497333333333333349e-01 2.475999999999999868e-01 5.003833333333332911e-01
5.073999999999999622e-01 2.828999999999999848e-01 2.520999999999999908e-01 2.499666666666666703e-01 5.183999999999999719e-01
4.843999999999999972e-01 2.679666666666666863e-01 2.509666666666666712e-01 2.502666666666666928e-01 4.775249999999999773e-01
4.960666666666666558e-01 2.754333333333333078e-01 2.565999999999999948e-01 2.563333333333333575e-01 4.946749999999999758e-01
4.967666666666666897e-01 2.812999999999999945e-01 2.554333333333333456e-01 2.508333333333333526e-01 4.951999999999999735e-01
5.335333333333333039e-01 2.957000000000000184e-01 2.531999999999999806e-01 2.470333333333333270e-01 5.331000000000000183e-01
5.074999999999999512e-01 2.775000000000000244e-01 2.489999999999999991e-01 2.520333333333333314e-01 5.021333333333333204e-01
5.333999999999999853e-01 2.968000000000000083e-01 2.565000000000000058e-01 2.492333333333333345e-01 5.351833333333333442e-01
5.064999999999999503e-01 2.815333333333333576e-01 2.530000000000000027e-01 2.484999999999999987e-01 5.046583333333333199e-01
5.441666666666666874e-01 2.997666666666666813e-01 2.545999999999999930e-01 2.543000000000000260e-01 5.463583333333332792e-01
5.326666666666666217e-01 2.862666666666666693e-01 2.597666666666666457e-01 2.535000000000000031e-01 5.345333333333333048e-01
4.761666666666666825e-01 2.640666666666666718e-01 2.546999999999999820e-01 2.522666666666666391e-01 4.757000000000000117e-01
