4.075666666666666882e-01 2.555333333333333345e-01 2.480999999999999872e-01 2.518000000000000238e-01 4.057749999999999968e-01
3.881000000000000005e-01 2.521666666666666501e-01 2.483666666666666800e-01 2.446000000000000119e-01 3.909083333333333576e-01
4.174333333333333229e-01 2.621666666666666590e-01 2.506999999999999784e-01 2.499333333333333407e-01 4.151166666666666893e-01
3.842666666666666453e-01 2.520999999999999908e-01 2.507666666666666933e-01 2.491333333333333455e-01 3.845666666666666678e-01
4.285666666666666513e-01 2.595999999999999974e-01 2.473666666666666791e-01 2.520999999999999908e-01 4.260916666666666464e-01
4.212000000000000188e-01 2.582999999999999741e-01 2.497333333333333349e-01 2.523333333333333539e-01 4.176500000000000212e-01
3.973666666666666458e-01 2.551333333333333231e-01 2.534666666666666734e-01 2.500666666666666593e-01 3.928666666666666418e-01
3.868333333333333068e-01 2.586666666666666559e-01 2.553666666666666862e-01 2.497333333333333349e-01 3.895250000000000101e-01
3.976000000000000090e-01 2.537333333333333107e-01 2.493333333333333235e-01 2.469999999999999973e-01 3.960000000000000187e-01
4.026333333333333431e-01 2.534000000000000141e-01 2.509333333333333416e-01 2.499000000000000110e-01 4.041000000000000147e-01
3.882999999999999785e-01 2.539333333333333442e-01 2.505000000000000004e-01 2.447999999999999898e-01 3.866333333333333289e-01
4.118999999999999884e-01 2.558333333333333570e-01 2.504666666666666708e-01 2.503333333333333521e-01 4.141833333333333478e-01
3.927333333333333232e-01 2.543000000000000260e-01 2.518666666666666831e-01 2.484999999999999987e-01 3.899000000000000243e-01
3.867333333333333178e-01 2.569000000000000172e-01 2.454333333333333367e-01 2.511999999999999789e-01 3.900333333333333430e-01
3.953999999999999737e-01 2.497333333333333349e-01 2.486666666666666747e-01 2.508333333333333526e-01 3.932249999999999912e-01
4.048333333333333228e-01 2.557666666666666422e-01 2.523666666666666836e-01 2.521666666666666501e-01 4.125583333333333602e-01
3.525333333333333097e-01 2.564000000000000168e-01 2.503333333333333521e-01 2.492333333333333345e-01 3.548666666666666636e-01
4.209999999999999853e-01 2.561999999999999833e-01 2.474999999999999978e-01 2.444666666666666655e-01 4.191666666666666874e-01
4.279000000000000026e-01 2.577999999999999736e-01 2.492666666666666642e-01 2.550666666666666638e-01 4.250583333333333158e-01
4.148000000000000020e-01 2.549666666666666748e-01 2.519000000000000128e-01 2.484999999999999987e-01 4.147583333333333400e-01
3.775999999999999912e-01 2.514333333333333420e-01 2.472999999999999921e-01 2.470999999999999863e-01 3.793750000000000178e-01
4.237333333333333507e-01 2.617333333333333178e-01 2.546666666666666523e-01 2.513000000000000234e-01 4.213500000000000023e-01
3.882333333333333192e-01 2.507666666666666933e-01 2.509000000000000119e-01 2.449000000000000066e-01 3.847166666666666512e-01
4.002999999999999892e-01 2.565999999999999948e-01 2.521333333333333204e-01 2.522333333333333094e-01 3.975333333333333496e-01
4.042999999999999927e-01 2.555999999999999939e-01 2.459333333333333371e-01 2.520000000000000018e-01 4.091416666666666813e-01
4.109333333333333171e-01 2.626999999999999891e-01 2.550666666666666638e-01 2.510333333333333306e-01 4.102666666666666684e-01
3.934333333333333571e-01 2.558000000000000274e-01 2.483666666666666800e-01 2.489666666666666694e-01 3.924083333333333590e-01
4.176000000000000267e-01 2.606333333333333280e-01 2.500666666666666593e-01 2.509666666666666712e-01 4.169249999999999901e-01
4.192000000000000171e-01 2.605333333333333390e-01 2.484333333333333393e-01 2.519333333333333425e-01 4.256166666666666432e-01
4.210333333333333150e-01 2.564333333333333464e-01 2.539666666666666739e-01 2.593666666666666898e-01 4.150666666666666393e-01
3.990000000000000213e-01 2.544666666666666743e-01 2.514333333333333420e-01 2.537333333333333107e-01 4.002916666666666567e-01
4.182666666666666755e-01 2.589333333333333487e-01 2.541666666666666519e-01 2.507333333333333081e-01 4.181666666666666865e-01
4.173999999999999932e-01 2.560666666666666647e-01 2.476666666666666738e-01 2.519333333333333425e-01 4.164499999999999869e-01
4.073666666666666547e-01 2.578666666666666885e-01 2.495333333333333292e-01 2.520666666666666611e-01 4.085500000000000242e-01
4.406666666666666510e-01 2.656333333333333324e-01 2.436000000000000110e-01 2.535999999999999921e-01 4.388833333333333475e-01
4.238000000000000100e-01 2.649333333333333540e-01 2.497999999999999943e-01 2.521999999999999797e-01 4.255333333333333190e-01
4.280333333333333212e-01 2.586999999999999855e-01 2.510999999999999899e-01 2.533000000000000251e-01 4.334250000000000047e-01
3.922666666666666524e-01 2.574666666666666770e-01 2.506333333333333191e-01 2.478333333333333222e-01 3.951000000000000068e-01
4.016000000000000125e-01 2.541333333333333222e-01 2.522333333333333094e-01 2.503666666666666818e-01 4.017666666666666608e-01
4.085666666666666891e-01 2.608333333333333059e-01 2.487666666666666637e-01 2.504000000000000115e-01 4.096833333333333438e-01
4.017999999999999905e-01 2.591666666666666563e-01 2.510333333333333306e-01 2.518666666666666831e-01 4.024583333333333068e-01
3.951333333333333364e-01 2.588333333333333597e-01 2.522333333333333094e-01 2.490999999999999881e-01 4.000166666666666870e-01
3.867333333333333178e-01 2.553000000000000269e-01 2.532333333333333103e-01 2.528666666666666840e-01 3.906666666666666621e-01
3.906666666666666621e-01 2.518333333333333535e-01 2.553666666666666862e-01 2.487000000000000044e-01 3.923833333333333062e-01
4.009666666666666934e-01 2.519000000000000128e-01 2.499000000000000110e-01 2.490666666666666584e-01 3.975666666666666793e-01
3.977999999999999869e-01 2.520000000000000018e-01 2.504000000000000115e-01 2.506666666666666488e-01 3.968833333333333102e-01
4.003999999999999782e-01 2.588333333333333597e-01 2.552666666666666417e-01 2.505999999999999894e-01 3.984583333333333588e-01
3.994333333333333069e-01 2.545999999999999930e-01 2.481666666666666743e-01 2.479666666666666686e-01 4.015500000000000180e-01
4.313666666666666760e-01 2.569666666666666766e-01 2.498666666666666536e-01 2.506333333333333191e-01 4.288583333333333414e-01
4.232666666666666799e-01 2.610666666666666691e-01 2.539000000000000146e-01 2.515000000000000013e-01 4.220083333333333186e-01
3.860666666666666691e-01 2.551333333333333231e-01 2.471666666666666734e-01 2.504333333333333411e-01 3.885500000000000065e-01
4.010333333333333528e-01 2.542666666666666409e-01 2.469000000000000083e-01 2.525333333333333319e-01 4.036000000000000143e-01
3.951000000000000068e-01 2.547666666666666413e-01 2.495999999999999885e-01 2.466666666666666730e-01 3.962583333333333235e-01
3.912666666666666515e-01 2.529333333333333433e-01 2.502666666666666928e-01 2.500666666666666593e-01 3.957916666666666528e-01
3.960333333333333483e-01 2.602333333333333165e-01 2.504333333333333411e-01 2.568333333333333579e-01 3.965416666666666812e-01
4.409666666666666734e-01 2.630666666666666709e-01 2.530666666666666620e-01 2.513000000000000234e-01 4.410833333333333273e-01
4.122000000000000108e-01 2.561333333333333240e-01 2.466000000000000136e-01 2.520333333333333314e-01 4.117833333333333345e-01
3.935000000000000164e-01 2.573333333333333584e-01 2.493333333333333235e-01 2.478333333333333222e-01 3.968916666666666426e-01
4.333000000000000185e-01 2.581999999999999851e-01 2.500999999999999890e-01 2.478333333333333222e-01 4.322583333333333555e-01
3.892666666666666497e-01 2.570666666666666655e-01 2.485666666666666580e-01 2.497000000000000053e-01 3.897583333333333178e-01
4.254000000000000004e-01 2.614000000000000212e-01 2.524333333333333429e-01 2.524666666666666726e-01 4.255416666666666514e-01
4.129666666666666486e-01 2.575333333333333363e-01 2.512333333333333085e-01 2.531333333333333213e-01 4.057333333333333347e-01
4.030000000000000249e-01 2.596999999999999864e-01 2.499666666666666703e-01 2.542333333333333112e-01 4.053916666666666502e-01
4.223333333333333384e-01 2.631333333333333302e-01 2.458333333333333204e-01 2.484000000000000097e-01 4.212750000000000106e-01
3.972333333333333272e-01 2.539000000000000146e-01 2.472333333333333327e-01 2.500000000000000000e-01 3.956999999999999962e-01
3.943333333333333135e-01 2.567999999999999727e-01 2.511333333333333195e-01 2.428333333333333455e-01 3.962333333333333263e-01
4.336333333333333151e-01 2.607333333333333170e-01 2.563666666666666871e-01 2.493333333333333235e-01 4.247500000000000164e-01
3.986333333333333395e-01 2.520666666666666611e-01 2.477999999999999925e-01 2.491333333333333455e-01 3.988583333333333147e-01
3.991666666666666696e-01 2.580000000000000071e-01 2.481666666666666743e-01 2.496666666666666756e-01 4.040583333333333527e-01
3.961000000000000076e-01 2.591333333333333266e-01 2.508000000000000229e-01 2.506999999999999784e-01 3.986000000000000099e-01
3.940000000000000169e-01 2.558000000000000274e-01 2.504000000000000115e-01 2.512666666666666937e-01 3.942333333333333245e-01
4.317333333333333578e-01 2.613333333333333064e-01 2.522666666666666391e-01 2.506999999999999784e-01 4.274666666666666615e-01
4.046666666666666745e-01 2.602666666666666462e-01 2.504333333333333411e-01 2.509666666666666712e-01 4.062999999999999945e-01
4.155333333333333101e-01 2.610999999999999988e-01 2.508000000000000229e-01 2.518333333333333535e-01 4.166750000000000176e-01
3.907999999999999807e-01 2.551666666666666528e-01 2.529000000000000137e-01 2.509333333333333416e-01 3.907583333333333186e-01
4.059666666666666424e-01 2.549666666666666748e-01 2.497000000000000053e-01 2.518666666666666831e-01 4.053249999999999909e-01
3.874666666666666814e-01 2.591666666666666563e-01 2.525999999999999912e-01 2.498666666666666536e-01 3.863249999999999740e-01
3.950666666666666771e-01 2.597666666666666457e-01 2.545333333333333337e-01 2.509000000000000119e-01 3.967916666666666536e-01
3.919333333333333558e-01 2.582666666666666444e-01 2.570666666666666655e-01 2.520000000000000018e-01 3.914916666666666822e-01
3.886000000000000010e-01 2.512666666666666937e-01 2.532666666666666400e-01 2.456666666666666721e-01 3.893583333333333063e-01
3.837999999999999745e-01 2.544666666666666743e-01 2.510333333333333306e-01 2.504666666666666708e-01 3.857999999999999763e-01
3.935333333333333461e-01 2.595000000000000084e-01 2.526999999999999802e-01 2.494666666666666699e-01 3.945500000000000118e-01
4.037999999999999923e-01 2.562999999999999723e-01 2.483333333333333226e-01 2.472000000000000031e-01 4.093499999999999917e-01
4.001666666666666705e-01 2.563666666666666871e-01 2.511999999999999789e-01 2.520333333333333314e-01 3.989333333333333065e-01
4.136666666666666825e-01 2.581666666666666554e-01 2.489666666666666694e-01 2.516666666666666496e-01 4.158749999999999947e-01
3.831666666666666554e-01 2.500999999999999890e-01 2.500000000000000000e-01 2.545333333333333337e-01 3.802083333333333148e-01
4.283333333333333437e-01 2.591333333333333266e-01 2.519666666666666721e-01 2.501333333333333186e-01 4.285999999999999810e-01
4.073999999999999844e-01 2.588333333333333597e-01 2.510999999999999899e-01 2.496666666666666756e-01 4.097083333333333410e-01
3.841333333333333266e-01 2.541999999999999815e-01 2.503000000000000225e-01 2.518000000000000238e-01 3.860750000000000015e-01
4.193999999999999950e-01 2.565333333333333354e-01 2.520333333333333314e-01 2.512666666666666937e-01 4.177333333333333454e-01
3.899666666666666837e-01 2.582999999999999741e-01 2.490999999999999881e-01 2.519666666666666721e-01 3.906499999999999972e-01
4.090333333333333599e-01 2.544000000000000150e-01 2.493666666666666532e-01 2.535333333333333328e-01 4.103249999999999953e-01
3.940666666666666762e-01 2.566999999999999837e-01 2.507666666666666933e-01 2.490666666666666584e-01 3.925083333333333480e-01
4.163666666666666627e-01 2.571333333333333249e-01 2.536666666666666514e-01 2.477999999999999925e-01 4.195249999999999813e-01
4.157666666666666733e-01 2.593666666666666898e-01 2.505333333333333301e-01 2.494999999999999996e-01 4.179916666666666503e-01
4.187000000000000166e-01 2.545333333333333337e-01 2.494333333333333402e-01 2.523333333333333539e-01 4.213749999999999996e-01
4.122666666666666702e-01 2.575000000000000067e-01 2.504333333333333411e-01 2.438666666666666760e-01 4.113749999999999907e-01
4.081333333333333480e-01 2.569666666666666766e-01 2.506333333333333191e-01 2.479666666666666686e-01 4.011416666666666742e-01
3.881000000000000005e-01 2.578333333333333588e-01 2.518666666666666831e-01 2.466666666666666730e-01 3.942333333333333245e-01
4.046333333333333449e-01 2.545999999999999930e-01 2.501333333333333186e-01 2.488666666666666805e-01 4.017333333333333312e-01
