7.893000000000000016e-01 5.505999999999999783e-01 4.084999999999999742e-01 3.356999999999999984e-01 7.988250000000000073e-01
7.861000000000000210e-01 5.274999999999999689e-01 3.922999999999999821e-01 3.160000000000000031e-01 7.903250000000000552e-01
8.088999999999999524e-01 5.474999999999999867e-01 4.142000000000000126e-01 3.468999999999999861e-01 8.078499999999999570e-01
7.879000000000000448e-01 5.163999999999999702e-01 3.940000000000000169e-01 3.328999999999999737e-01 7.829000000000000403e-01
8.195000000000000062e-01 5.706999999999999851e-01 4.369000000000000106e-01 3.528000000000000025e-01 8.132000000000000339e-01
8.098999999999999533e-01 5.669999999999999485e-01 4.225999999999999757e-01 3.471000000000000196e-01 8.077499999999999680e-01
7.913000000000000034e-01 5.326999999999999513e-01 3.921999999999999931e-01 3.290000000000000147e-01 7.926999999999999602e-01
7.903999999999999915e-01 5.312000000000000055e-01 3.846999999999999864e-01 3.194000000000000172e-01 7.897750000000000048e-01
7.860000000000000320e-01 5.304999999999999716e-01 3.911999999999999922e-01 3.340000000000000191e-01 7.947250000000000147e-01
7.967999999999999527e-01 5.482000000000000206e-01 4.073999999999999844e-01 3.281999999999999917e-01 7.987499999999999600e-01
7.822000000000000064e-01 5.329000000000000403e-01 3.911000000000000032e-01 3.202999999999999736e-01 7.846250000000000169e-01
8.120000000000000551e-01 5.565999999999999837e-01 4.106000000000000205e-01 3.375000000000000222e-01 8.072749999999999648e-01
7.915999999999999703e-01 5.313999999999999835e-01 3.927999999999999825e-01 3.179000000000000159e-01 7.881249999999999645e-01
7.839000000000000412e-01 5.328000000000000513e-01 3.894000000000000239e-01 3.289000000000000257e-01 7.892749999999999488e-01
7.916999999999999593e-01 5.315999999999999615e-01 3.927999999999999825e-01 3.239000000000000212e-01 7.945250000000000368e-01
8.042000000000000259e-01 5.560000000000000497e-01 4.178000000000000047e-01 3.365000000000000213e-01 8.029500000000000526e-01
7.601999999999999869e-01 4.844999999999999862e-01 3.624999999999999889e-01 2.972000000000000197e-01 7.634750000000000147e-01
8.120000000000000551e-01 5.644000000000000128e-01 4.263000000000000123e-01 3.408999999999999808e-01 8.122000000000000330e-01
8.106999999999999762e-01 5.616999999999999771e-01 4.230999999999999761e-01 3.423999999999999821e-01 8.155000000000000027e-01
8.080000000000000515e-01 5.526999999999999691e-01 4.184999999999999831e-01 3.408999999999999808e-01 8.043000000000000149e-01
7.849000000000000421e-01 5.150000000000000133e-01 3.801999999999999824e-01 3.146999999999999797e-01 7.807250000000000023e-01
8.094000000000000083e-01 5.585999999999999854e-01 4.334999999999999964e-01 3.527000000000000135e-01 8.099250000000000060e-01
7.816999999999999504e-01 5.316999999999999504e-01 3.850000000000000089e-01 3.190999999999999948e-01 7.856250000000000178e-01
7.943000000000000060e-01 5.365999999999999659e-01 4.015000000000000235e-01 3.256999999999999895e-01 7.941249999999999698e-01
8.010000000000000453e-01 5.461000000000000298e-01 4.184999999999999831e-01 3.387000000000000011e-01 8.040749999999999842e-01
8.011000000000000343e-01 5.493999999999999995e-01 4.167000000000000148e-01 3.472999999999999976e-01 8.018750000000000044e-01
7.943999999999999950e-01 5.309000000000000385e-01 3.966000000000000081e-01 3.325000000000000178e-01 7.890749999999999709e-01
8.112000000000000322e-01 5.584000000000000075e-01 4.190999999999999726e-01 3.438999999999999835e-01 8.070249999999999924e-01
8.142000000000000348e-01 5.649999999999999467e-01 4.248999999999999999e-01 3.472999999999999976e-01 8.124000000000000110e-01
8.148999999999999577e-01 5.614999999999999991e-01 4.179999999999999827e-01 3.472999999999999976e-01 8.082749999999999657e-01
7.941000000000000281e-01 5.358000000000000540e-01 4.072999999999999954e-01 3.281999999999999917e-01 7.941000000000000281e-01
8.092000000000000304e-01 5.621000000000000441e-01 4.260999999999999788e-01 3.452999999999999958e-01 8.034750000000000503e-01
8.085999999999999854e-01 5.649999999999999467e-01 4.324999999999999956e-01 3.397000000000000020e-01 8.068250000000000144e-01
8.065999999999999837e-01 5.443999999999999950e-01 4.158000000000000029e-01 3.410000000000000253e-01 8.030500000000000416e-01
8.250999999999999446e-01 5.805000000000000160e-01 4.445999999999999952e-01 3.528999999999999915e-01 8.192249999999999810e-01
8.060000000000000497e-01 5.762000000000000455e-01 4.346999999999999753e-01 3.573000000000000065e-01 8.118250000000000188e-01
8.148999999999999577e-01 5.734000000000000208e-01 4.391999999999999793e-01 3.623000000000000109e-01 8.198999999999999622e-01
7.924999999999999822e-01 5.319000000000000394e-01 4.027000000000000024e-01 3.200999999999999956e-01 7.928250000000000020e-01
7.972000000000000197e-01 5.373999999999999888e-01 4.003999999999999782e-01 3.275000000000000133e-01 7.962749999999999551e-01
8.003000000000000114e-01 5.562000000000000277e-01 4.131000000000000227e-01 3.328999999999999737e-01 7.970000000000000417e-01
7.960000000000000409e-01 5.385999999999999677e-01 4.148000000000000020e-01 3.385000000000000231e-01 7.990000000000000435e-01
7.951000000000000290e-01 5.440000000000000391e-01 4.005000000000000226e-01 3.294000000000000261e-01 7.958499999999999464e-01
7.909000000000000474e-01 5.282999999999999918e-01 3.980000000000000204e-01 3.262999999999999790e-01 7.884999999999999787e-01
7.901000000000000245e-01 5.247000000000000552e-01 4.012000000000000011e-01 3.306999999999999940e-01 7.870000000000000329e-01
7.941000000000000281e-01 5.391000000000000236e-01 3.996999999999999997e-01 3.363999999999999768e-01 7.982500000000000151e-01
7.913000000000000034e-01 5.380000000000000338e-01 4.097000000000000086e-01 3.284000000000000252e-01 7.983999999999999986e-01
7.960000000000000409e-01 5.407999999999999474e-01 3.981999999999999984e-01 3.305000000000000160e-01 7.966750000000000220e-01
7.960000000000000409e-01 5.421000000000000263e-01 4.006000000000000116e-01 3.398999999999999799e-01 7.992749999999999577e-01
8.163000000000000256e-01 5.722000000000000419e-01 4.245999999999999774e-01 3.574999999999999845e-01 8.163249999999999673e-01
8.100000000000000533e-01 5.714000000000000190e-01 4.280999999999999805e-01 3.459999999999999742e-01 8.125750000000000473e-01
7.834999999999999742e-01 5.329000000000000403e-01 3.934000000000000274e-01 3.195999999999999952e-01 7.858500000000000485e-01
7.973999999999999977e-01 5.470000000000000417e-01 4.077000000000000068e-01 3.207999999999999741e-01 7.997499999999999609e-01
7.919000000000000483e-01 5.361000000000000210e-01 3.950000000000000178e-01 3.295000000000000151e-01 7.912249999999999561e-01
7.914999999999999813e-01 5.285999999999999588e-01 3.978999999999999759e-01 3.302999999999999825e-01 7.899500000000000410e-01
7.860000000000000320e-01 5.358000000000000540e-01 4.007999999999999896e-01 3.265000000000000124e-01 7.939500000000000446e-01
8.245000000000000107e-01 5.827999999999999847e-01 4.464000000000000190e-01 3.625999999999999779e-01 8.240499999999999492e-01
8.001000000000000334e-01 5.534999999999999920e-01 4.137000000000000122e-01 3.396000000000000130e-01 8.036499999999999755e-01
7.960000000000000409e-01 5.444999999999999840e-01 3.915000000000000147e-01 3.286999999999999922e-01 7.946999999999999620e-01
8.151000000000000467e-01 5.754000000000000226e-01 4.270999999999999797e-01 3.588999999999999968e-01 8.173500000000000210e-01
7.862000000000000099e-01 5.292999999999999927e-01 3.891999999999999904e-01 3.311000000000000054e-01 7.877499999999999503e-01
8.121000000000000441e-01 5.595999999999999863e-01 4.323000000000000176e-01 3.458999999999999853e-01 8.120749999999999913e-01
8.044999999999999929e-01 5.517999999999999572e-01 3.997999999999999887e-01 3.452000000000000068e-01 8.005250000000000421e-01
7.986999999999999655e-01 5.341000000000000192e-01 4.109999999999999765e-01 3.368999999999999773e-01 7.966750000000000220e-01
8.002000000000000224e-01 5.674000000000000155e-01 4.234999999999999876e-01 3.467999999999999972e-01 8.089499999999999469e-01
7.866999999999999549e-01 5.380000000000000338e-01 4.030000000000000249e-01 3.378999999999999782e-01 7.924499999999999877e-01
7.970000000000000417e-01 5.339000000000000412e-01 3.958999999999999742e-01 3.306999999999999940e-01 7.893250000000000544e-01
8.143000000000000238e-01 5.757999999999999785e-01 4.304999999999999938e-01 3.573999999999999955e-01 8.105750000000000455e-01
7.921000000000000263e-01 5.359000000000000430e-01 4.027999999999999914e-01 3.338999999999999746e-01 7.918500000000000538e-01
7.979000000000000536e-01 5.432000000000000162e-01 4.078999999999999848e-01 3.336000000000000076e-01 7.984499999999999931e-01
7.854999999999999760e-01 5.377999999999999448e-01 4.062999999999999945e-01 3.342999999999999861e-01 7.954750000000000432e-01
7.960000000000000409e-01 5.459000000000000519e-01 4.037999999999999923e-01 3.245999999999999996e-01 7.894750000000000378e-01
8.146999999999999797e-01 5.603000000000000203e-01 4.264999999999999902e-01 3.435000000000000275e-01 8.179250000000000131e-01
7.973999999999999977e-01 5.441000000000000281e-01 4.144999999999999796e-01 3.277999999999999803e-01 7.973249999999999504e-01
8.021000000000000352e-01 5.576999999999999735e-01 4.203999999999999959e-01 3.396000000000000130e-01 8.056250000000000355e-01
7.822999999999999954e-01 5.269000000000000350e-01 3.876000000000000001e-01 3.214000000000000190e-01 7.862249999999999517e-01
8.014999999999999902e-01 5.526999999999999691e-01 4.002999999999999892e-01 3.270000000000000129e-01 7.955750000000000322e-01
7.840000000000000302e-01 5.139000000000000234e-01 3.879000000000000226e-01 3.211999999999999855e-01 7.880249999999999755e-01
7.925999999999999712e-01 5.400000000000000355e-01 3.988999999999999768e-01 3.311000000000000054e-01 7.939249999999999918e-01
7.861000000000000210e-01 5.272000000000000020e-01 3.891000000000000014e-01 3.257999999999999785e-01 7.917750000000000066e-01
7.899000000000000465e-01 5.303999999999999826e-01 3.906999999999999917e-01 3.110999999999999877e-01 7.830000000000000293e-01
7.912000000000000144e-01 5.255999999999999561e-01 3.857999999999999763e-01 3.160999999999999921e-01 7.873750000000000471e-01
7.949000000000000510e-01 5.328000000000000513e-01 4.042000000000000037e-01 3.227999999999999758e-01 7.896250000000000213e-01
7.989000000000000545e-01 5.560000000000000497e-01 4.128999999999999893e-01 3.393999999999999795e-01 8.021749999999999714e-01
8.030000000000000471e-01 5.407999999999999474e-01 3.998999999999999777e-01 3.219000000000000195e-01 7.977999999999999536e-01
8.108999999999999542e-01 5.474999999999999867e-01 4.186000000000000276e-01 3.412000000000000033e-01 8.063500000000000112e-01
7.805999999999999606e-01 5.252999999999999892e-01 3.921999999999999931e-01 3.189000000000000168e-01 7.782750000000000501e-01
8.176999999999999824e-01 5.641000000000000458e-01 4.340999999999999859e-01 3.543000000000000038e-01 8.166499999999999870e-01
8.095999999999999863e-01 5.489000000000000545e-01 4.057999999999999940e-01 3.286999999999999922e-01 8.021749999999999714e-01
7.785999999999999588e-01 5.243999999999999773e-01 3.925000000000000155e-01 3.144000000000000128e-01 7.876250000000000195e-01
8.184000000000000163e-01 5.544000000000000039e-01 4.299000000000000044e-01 3.387000000000000011e-01 8.089499999999999469e-01
7.900000000000000355e-01 5.304999999999999716e-01 3.887999999999999790e-01 3.202999999999999736e-01 7.906750000000000167e-01
8.024000000000000021e-01 5.463000000000000078e-01 4.205999999999999739e-01 3.381000000000000116e-01 8.032749999999999613e-01
7.893999999999999906e-01 5.342999999999999972e-01 3.887999999999999790e-01 3.266000000000000014e-01 7.904499999999999860e-01
8.084999999999999964e-01 5.568999999999999506e-01 4.287000000000000255e-01 3.408999999999999808e-01 8.103249999999999620e-01
8.046999999999999709e-01 5.605999999999999872e-01 4.102999999999999980e-01 3.452999999999999958e-01 8.028499999999999526e-01
8.105999999999999872e-01 5.576999999999999735e-01 4.239999999999999880e-01 3.519999999999999796e-01 8.113000000000000211e-01
8.062000000000000277e-01 5.485999999999999766e-01 4.257000000000000228e-01 3.410000000000000253e-01 8.016250000000000320e-01
7.945999999999999730e-01 5.420000000000000373e-01 4.128999999999999893e-01 3.361000000000000099e-01 7.981500000000000261e-01
7.935999999999999721e-01 5.326999999999999513e-01 3.836999999999999855e-01 3.284000000000000252e-01 7.901749999999999607e-01
7.944999999999999840e-01 5.393999999999999906e-01 4.077000000000000068e-01 3.291999999999999926e-01 7.983749999999999458e-01
