7.893000000000000016e-01 5.363999999999999879e-01 4.006000000000000116e-01 3.306999999999999940e-01 7.897499999999999520e-01
7.897999999999999465e-01 5.264999999999999680e-01 3.919000000000000261e-01 3.245000000000000107e-01 7.905499999999999750e-01
8.062000000000000277e-01 5.423999999999999932e-01 4.134999999999999787e-01 3.371000000000000107e-01 8.044499999999999984e-01
8.123000000000000220e-01 5.551000000000000378e-01 4.285999999999999810e-01 3.444999999999999729e-01 8.066999999999999726e-01
7.882000000000000117e-01 5.405999999999999694e-01 3.967999999999999861e-01 3.158000000000000251e-01 7.965250000000000385e-01
7.903000000000000025e-01 5.134999999999999565e-01 3.776999999999999802e-01 3.140999999999999903e-01 7.843999999999999861e-01
7.799000000000000377e-01 5.123999999999999666e-01 3.766999999999999793e-01 3.179000000000000159e-01 7.771500000000000075e-01
8.107999999999999652e-01 5.655000000000000027e-01 4.213999999999999968e-01 3.472000000000000086e-01 8.115750000000000464e-01
7.951000000000000290e-01 5.241999999999999993e-01 3.958999999999999742e-01 3.275000000000000133e-01 7.900000000000000355e-01
7.993000000000000105e-01 5.386999999999999567e-01 4.072000000000000064e-01 3.382999999999999896e-01 7.923999999999999932e-01
7.950000000000000400e-01 5.342999999999999972e-01 3.981999999999999984e-01 3.304000000000000270e-01 7.982249999999999623e-01
8.034999999999999920e-01 5.517999999999999572e-01 4.143000000000000016e-01 3.392000000000000015e-01 8.023000000000000131e-01
8.164000000000000146e-01 5.721000000000000529e-01 4.391999999999999793e-01 3.548999999999999932e-01 8.189999999999999503e-01
8.105999999999999872e-01 5.596999999999999753e-01 4.254000000000000004e-01 3.538999999999999924e-01 8.082000000000000295e-01
8.204000000000000181e-01 5.818999999999999728e-01 4.465999999999999970e-01 3.612000000000000210e-01 8.166999999999999815e-01
8.056999999999999718e-01 5.518999999999999462e-01 4.083999999999999853e-01 3.387999999999999901e-01 8.057750000000000190e-01
8.015999999999999792e-01 5.520000000000000462e-01 4.147000000000000131e-01 3.528999999999999915e-01 8.052500000000000213e-01
8.031000000000000361e-01 5.459000000000000519e-01 4.128000000000000003e-01 3.432000000000000051e-01 8.000749999999999806e-01
8.262000000000000455e-01 5.803000000000000380e-01 4.450000000000000067e-01 3.590999999999999748e-01 8.202500000000000346e-01
8.102000000000000313e-01 5.614999999999999991e-01 4.314000000000000057e-01 3.397000000000000020e-01 8.114249999999999519e-01
7.869000000000000439e-01 5.217000000000000526e-01 3.877999999999999781e-01 3.134000000000000119e-01 7.836250000000000160e-01
7.853999999999999870e-01 5.325999999999999623e-01 3.922999999999999821e-01 3.274000000000000243e-01 7.913499999999999979e-01
7.963999999999999968e-01 5.332000000000000073e-01 4.031000000000000139e-01 3.326999999999999957e-01 7.949000000000000510e-01
7.990000000000000435e-01 5.470000000000000417e-01 4.082000000000000073e-01 3.410000000000000253e-01 7.978750000000000009e-01
7.994999999999999885e-01 5.460000000000000409e-01 4.087000000000000077e-01 3.408999999999999808e-01 7.996250000000000302e-01
8.070000000000000506e-01 5.505999999999999783e-01 4.200999999999999734e-01 3.371999999999999997e-01 8.062500000000000222e-01
8.205000000000000071e-01 5.676999999999999824e-01 4.398000000000000242e-01 3.578000000000000069e-01 8.174749999999999517e-01
7.937999999999999501e-01 5.312999999999999945e-01 3.943999999999999728e-01 3.362999999999999878e-01 7.937250000000000139e-01
7.782000000000000028e-01 5.088000000000000300e-01 3.882999999999999785e-01 3.281000000000000028e-01 7.758500000000000396e-01
8.120000000000000551e-01 5.550000000000000488e-01 4.270999999999999797e-01 3.508999999999999897e-01 8.094500000000000028e-01
7.915999999999999703e-01 5.163999999999999702e-01 3.926999999999999935e-01 3.184000000000000163e-01 7.840249999999999719e-01
7.812000000000000055e-01 5.270000000000000240e-01 3.915000000000000147e-01 3.201999999999999846e-01 7.864499999999999824e-01
8.008999999999999453e-01 5.504999999999999893e-01 4.238999999999999990e-01 3.350000000000000200e-01 8.046250000000000346e-01
7.875999999999999668e-01 5.212999999999999856e-01 3.881000000000000005e-01 3.196999999999999842e-01 7.845250000000000279e-01
8.103000000000000203e-01 5.684000000000000163e-01 4.310999999999999832e-01 3.477000000000000091e-01 8.103749999999999565e-01
7.741000000000000103e-01 5.057000000000000384e-01 3.739999999999999991e-01 3.080999999999999850e-01 7.700500000000000123e-01
7.970000000000000417e-01 5.333999999999999853e-01 4.083999999999999853e-01 3.316999999999999948e-01 7.922749999999999515e-01
7.694999999999999618e-01 5.139000000000000234e-01 3.693000000000000171e-01 3.155000000000000027e-01 7.805250000000000243e-01
7.985999999999999766e-01 5.467999999999999527e-01 4.094999999999999751e-01 3.356000000000000094e-01 7.988250000000000073e-01
7.870000000000000329e-01 5.319000000000000394e-01 4.058999999999999830e-01 3.290000000000000147e-01 7.939749999999999863e-01
7.947999999999999510e-01 5.359000000000000430e-01 3.961999999999999966e-01 3.307999999999999829e-01 7.949749999999999872e-01
7.981000000000000316e-01 5.491000000000000325e-01 4.053999999999999826e-01 3.323999999999999733e-01 8.008250000000000091e-01
8.098999999999999533e-01 5.527999999999999581e-01 4.242000000000000215e-01 3.473999999999999866e-01 8.038999999999999480e-01
7.891000000000000236e-01 5.316999999999999504e-01 4.008999999999999786e-01 3.338999999999999746e-01 7.945250000000000368e-01
7.960000000000000409e-01 5.400000000000000355e-01 4.030000000000000249e-01 3.215999999999999970e-01 7.969000000000000528e-01
8.104000000000000092e-01 5.725000000000000089e-01 4.230999999999999761e-01 3.482999999999999985e-01 8.135499999999999954e-01
8.136999999999999789e-01 5.809999999999999609e-01 4.365999999999999881e-01 3.579999999999999849e-01 8.194249999999999590e-01
8.117999999999999661e-01 5.731000000000000538e-01 4.339999999999999969e-01 3.478999999999999870e-01 8.110249999999999959e-01
7.934999999999999831e-01 5.399000000000000465e-01 3.966999999999999971e-01 3.237999999999999767e-01 7.922749999999999515e-01
8.219999999999999529e-01 5.716999999999999860e-01 4.520000000000000129e-01 3.629000000000000004e-01 8.222249999999999837e-01
7.984999999999999876e-01 5.512000000000000233e-01 4.124999999999999778e-01 3.437000000000000055e-01 8.004250000000000531e-01
7.779000000000000359e-01 5.182999999999999829e-01 3.808000000000000274e-01 3.194000000000000172e-01 7.808500000000000441e-01
8.248999999999999666e-01 5.823000000000000398e-01 4.470999999999999974e-01 3.612000000000000210e-01 8.188250000000000250e-01
7.964999999999999858e-01 5.407999999999999474e-01 4.033999999999999808e-01 3.313999999999999724e-01 7.938250000000000028e-01
8.144000000000000128e-01 5.704000000000000181e-01 4.245999999999999774e-01 3.564999999999999836e-01 8.136499999999999844e-01
7.981000000000000316e-01 5.587999999999999634e-01 4.168999999999999928e-01 3.402000000000000024e-01 8.048750000000000071e-01
8.057999999999999607e-01 5.547999999999999599e-01 4.193999999999999950e-01 3.416000000000000147e-01 8.019749999999999934e-01
8.278999999999999693e-01 5.975000000000000311e-01 4.460999999999999965e-01 3.657000000000000250e-01 8.254000000000000226e-01
7.889000000000000457e-01 5.278000000000000469e-01 4.005000000000000226e-01 3.281000000000000028e-01 7.913249999999999451e-01
7.751000000000000112e-01 5.142999999999999794e-01 3.755000000000000004e-01 3.145000000000000018e-01 7.754250000000000309e-01
7.669000000000000261e-01 4.954999999999999960e-01 3.635999999999999788e-01 3.045999999999999819e-01 7.691000000000000059e-01
7.985999999999999766e-01 5.456999999999999629e-01 4.038999999999999813e-01 3.443999999999999839e-01 7.968499999999999472e-01
7.778000000000000469e-01 5.108000000000000318e-01 3.750999999999999890e-01 3.084999999999999964e-01 7.770000000000000240e-01
7.840000000000000302e-01 5.149000000000000243e-01 3.774000000000000132e-01 3.214000000000000190e-01 7.780749999999999611e-01
7.917999999999999483e-01 5.341000000000000192e-01 3.986999999999999988e-01 3.281000000000000028e-01 7.945999999999999730e-01
8.046999999999999709e-01 5.502000000000000224e-01 4.190999999999999726e-01 3.435000000000000275e-01 8.069250000000000034e-01
8.056999999999999718e-01 5.454999999999999849e-01 4.193999999999999950e-01 3.402999999999999914e-01 8.035750000000000393e-01
8.105999999999999872e-01 5.585999999999999854e-01 4.188000000000000056e-01 3.398999999999999799e-01 8.105750000000000455e-01
7.877999999999999448e-01 5.244999999999999662e-01 3.976999999999999980e-01 3.173000000000000265e-01 7.841000000000000192e-01
7.866999999999999549e-01 5.237000000000000544e-01 3.916999999999999926e-01 3.282999999999999807e-01 7.877250000000000085e-01
7.822999999999999954e-01 5.203999999999999737e-01 3.892999999999999794e-01 3.179000000000000159e-01 7.864250000000000407e-01
8.026999999999999691e-01 5.379000000000000448e-01 4.082000000000000073e-01 3.220999999999999974e-01 7.961749999999999661e-01
7.872000000000000108e-01 5.313999999999999835e-01 3.852999999999999758e-01 3.192999999999999727e-01 7.901749999999999607e-01
7.966999999999999638e-01 5.355999999999999650e-01 4.102999999999999980e-01 3.340000000000000191e-01 7.920749999999999735e-01
7.780000000000000249e-01 5.242999999999999883e-01 3.879000000000000226e-01 3.219000000000000195e-01 7.801249999999999574e-01
7.838000000000000522e-01 5.103999999999999648e-01 3.836999999999999855e-01 3.183000000000000274e-01 7.792750000000000510e-01
8.051000000000000378e-01 5.583000000000000185e-01 4.289000000000000035e-01 3.531000000000000250e-01 8.112000000000000322e-01
7.879000000000000448e-01 5.237000000000000544e-01 3.817999999999999727e-01 3.149000000000000132e-01 7.858000000000000540e-01
7.961000000000000298e-01 5.365999999999999659e-01 4.053999999999999826e-01 3.306999999999999940e-01 7.950749999999999762e-01
7.914999999999999813e-01 5.302000000000000046e-01 3.961000000000000076e-01 3.282999999999999807e-01 7.918250000000000011e-01
7.974999999999999867e-01 5.436999999999999611e-01 4.016000000000000125e-01 3.306999999999999940e-01 7.970249999999999835e-01
8.056999999999999718e-01 5.576999999999999735e-01 4.268000000000000127e-01 3.477999999999999980e-01 8.068999999999999506e-01
8.031000000000000361e-01 5.517999999999999572e-01 4.132000000000000117e-01 3.483999999999999875e-01 8.018750000000000044e-01
7.852999999999999980e-01 5.272000000000000020e-01 3.899000000000000243e-01 3.206999999999999851e-01 7.873999999999999888e-01
8.131000000000000449e-01 5.605999999999999872e-01 4.192000000000000171e-01 3.499999999999999778e-01 8.143500000000000183e-01
7.949000000000000510e-01 5.453000000000000069e-01 4.011000000000000121e-01 3.380000000000000226e-01 8.005250000000000421e-01
7.963999999999999968e-01 5.365999999999999659e-01 3.951999999999999957e-01 3.260000000000000120e-01 7.912500000000000089e-01
7.905999999999999694e-01 5.349000000000000421e-01 3.894000000000000239e-01 3.265000000000000124e-01 7.923999999999999932e-01
7.933999999999999941e-01 5.303999999999999826e-01 4.066000000000000170e-01 3.266999999999999904e-01 7.910500000000000309e-01
8.080000000000000515e-01 5.451000000000000290e-01 4.038999999999999813e-01 3.420000000000000262e-01 8.023249999999999549e-01
7.805999999999999606e-01 5.078000000000000291e-01 3.771999999999999797e-01 3.215999999999999970e-01 7.782999999999999918e-01
7.870000000000000329e-01 5.255999999999999561e-01 3.929000000000000270e-01 3.225000000000000089e-01 7.902000000000000135e-01
7.856999999999999540e-01 5.333999999999999853e-01 3.925000000000000155e-01 3.265000000000000124e-01 7.873750000000000471e-01
8.208999999999999631e-01 5.548999999999999488e-01 4.330999999999999850e-01 3.544999999999999818e-01 8.116250000000000409e-01
7.973999999999999977e-01 5.393999999999999906e-01 4.002000000000000002e-01 3.306999999999999940e-01 7.917999999999999483e-01
8.143000000000000238e-01 5.704000000000000181e-01 4.278000000000000136e-01 3.548999999999999932e-01 8.088499999999999579e-01
7.924999999999999822e-01 5.395999999999999686e-01 4.017999999999999905e-01 3.183000000000000274e-01 7.936750000000000194e-01
8.171000000000000485e-01 5.790999999999999481e-01 4.445999999999999952e-01 3.629000000000000004e-01 8.193249999999999700e-01
8.004999999999999893e-01 5.647999999999999687e-01 4.319000000000000061e-01 3.536000000000000254e-01 8.111249999999999849e-01
7.813999999999999835e-01 5.056000000000000494e-01 3.796999999999999820e-01 3.104999999999999982e-01 7.734999999999999654e-01
