8.549999999999999822e-01 6.473999999999999755e-01 5.006000000000000449e-01 4.186000000000000276e-01 8.566749999999999643e-01
8.544000000000000483e-01 6.353999999999999648e-01 4.999000000000000110e-01 4.081000000000000183e-01 8.517000000000000126e-01
8.669999999999999929e-01 6.603999999999999870e-01 5.225999999999999535e-01 4.339999999999999969e-01 8.575749999999999762e-01
8.631999999999999673e-01 6.634999999999999787e-01 5.201000000000000068e-01 4.388000000000000234e-01 8.675249999999999906e-01
8.578000000000000069e-01 6.409000000000000252e-01 5.061999999999999833e-01 4.138999999999999901e-01 8.521750000000000158e-01
8.488999999999999879e-01 6.264999999999999458e-01 4.847000000000000197e-01 3.904000000000000248e-01 8.453249999999999931e-01
8.457999999999999963e-01 6.203999999999999515e-01 4.853000000000000091e-01 3.946999999999999953e-01 8.402249999999999996e-01
8.663999999999999480e-01 6.674999999999999822e-01 5.241000000000000103e-01 4.450999999999999956e-01 8.709750000000000547e-01
8.555000000000000382e-01 6.495999999999999552e-01 5.048000000000000265e-01 4.215999999999999748e-01 8.537749999999999506e-01
8.568999999999999950e-01 6.566999999999999504e-01 5.138000000000000345e-01 4.102999999999999980e-01 8.570499999999999785e-01
8.605000000000000426e-01 6.510000000000000231e-01 5.182999999999999829e-01 4.288000000000000145e-01 8.544500000000000428e-01
8.638000000000000123e-01 6.639000000000000457e-01 5.215999999999999526e-01 4.341999999999999749e-01 8.631499999999999728e-01
8.668000000000000149e-01 6.824000000000000066e-01 5.566999999999999726e-01 4.546000000000000041e-01 8.738500000000000156e-01
8.667000000000000259e-01 6.663999999999999924e-01 5.434999999999999831e-01 4.447999999999999732e-01 8.701750000000000318e-01
8.705000000000000515e-01 6.814000000000000057e-01 5.493000000000000105e-01 4.582999999999999852e-01 8.747249999999999748e-01
8.586000000000000298e-01 6.584999999999999742e-01 5.272000000000000020e-01 4.274000000000000021e-01 8.650499999999999856e-01
8.631999999999999673e-01 6.629000000000000448e-01 5.255999999999999561e-01 4.334999999999999964e-01 8.673250000000000126e-01
8.639000000000000012e-01 6.572999999999999954e-01 5.249000000000000332e-01 4.245999999999999774e-01 8.584500000000000464e-01
8.685000000000000497e-01 6.772000000000000242e-01 5.401000000000000245e-01 4.481999999999999873e-01 8.706500000000000350e-01
8.685000000000000497e-01 6.736999999999999655e-01 5.372000000000000108e-01 4.433000000000000274e-01 8.689249999999999474e-01
8.439999999999999725e-01 6.360999999999999988e-01 4.933000000000000163e-01 4.037000000000000033e-01 8.499250000000000416e-01
8.487999999999999989e-01 6.320999999999999952e-01 5.032999999999999696e-01 4.084999999999999742e-01 8.504000000000000448e-01
8.481999999999999540e-01 6.474999999999999645e-01 5.138000000000000345e-01 4.146000000000000241e-01 8.545249999999999790e-01
8.671999999999999709e-01 6.525999999999999579e-01 5.129000000000000226e-01 4.270999999999999797e-01 8.607249999999999623e-01
8.612999999999999545e-01 6.506999999999999451e-01 5.108000000000000318e-01 4.245999999999999774e-01 8.587249999999999606e-01
8.653999999999999471e-01 6.739000000000000545e-01 5.260000000000000231e-01 4.408000000000000251e-01 8.642999999999999572e-01
8.737000000000000322e-01 6.883000000000000229e-01 5.430000000000000382e-01 4.501000000000000001e-01 8.712750000000000217e-01
8.511999999999999567e-01 6.372999999999999776e-01 4.965999999999999859e-01 4.082000000000000073e-01 8.488250000000000517e-01
8.465000000000000302e-01 6.300999999999999934e-01 4.864999999999999880e-01 4.035000000000000253e-01 8.489499999999999824e-01
8.675000000000000488e-01 6.685999999999999721e-01 5.291000000000000147e-01 4.385999999999999899e-01 8.680750000000000410e-01
8.497000000000000108e-01 6.274999999999999467e-01 4.943000000000000171e-01 4.032999999999999918e-01 8.477749999999999453e-01
8.504000000000000448e-01 6.415999999999999481e-01 4.988000000000000211e-01 4.077000000000000068e-01 8.493500000000000494e-01
8.660999999999999810e-01 6.656999999999999584e-01 5.151999999999999913e-01 4.379000000000000115e-01 8.652499999999999636e-01
8.443000000000000504e-01 6.324999999999999512e-01 4.927000000000000268e-01 4.144999999999999796e-01 8.505500000000000282e-01
8.670999999999999819e-01 6.657999999999999474e-01 5.377999999999999448e-01 4.385000000000000009e-01 8.676249999999999796e-01
8.420999999999999597e-01 6.118999999999999995e-01 4.693999999999999839e-01 3.861999999999999877e-01 8.364500000000000268e-01
8.591999999999999638e-01 6.430000000000000160e-01 5.077000000000000401e-01 4.208000000000000074e-01 8.558750000000000524e-01
8.494000000000000439e-01 6.220999999999999863e-01 4.873000000000000109e-01 3.983999999999999764e-01 8.416500000000000092e-01
8.539999999999999813e-01 6.553999999999999826e-01 5.127000000000000446e-01 4.245999999999999774e-01 8.556749999999999634e-01
8.618999999999999995e-01 6.521000000000000130e-01 5.100000000000000089e-01 4.087999999999999967e-01 8.546749999999999625e-01
8.496000000000000218e-01 6.471000000000000085e-01 4.989000000000000101e-01 4.109999999999999765e-01 8.509750000000000369e-01
8.635000000000000453e-01 6.512999999999999901e-01 5.269000000000000350e-01 4.371999999999999775e-01 8.608500000000000041e-01
8.639999999999999902e-01 6.582999999999999963e-01 5.291000000000000147e-01 4.358000000000000207e-01 8.611999999999999655e-01
8.555000000000000382e-01 6.454999999999999627e-01 5.063999999999999613e-01 4.215999999999999748e-01 8.547000000000000153e-01
8.518000000000000016e-01 6.524999999999999689e-01 5.064999999999999503e-01 4.223999999999999977e-01 8.590499999999999803e-01
8.665000000000000480e-01 6.762000000000000233e-01 5.354999999999999760e-01 4.437999999999999723e-01 8.689249999999999474e-01
8.666000000000000369e-01 6.818999999999999506e-01 5.503000000000000114e-01 4.556000000000000050e-01 8.702750000000000208e-01
8.711999999999999744e-01 6.747999999999999554e-01 5.295999999999999597e-01 4.415999999999999925e-01 8.716500000000000359e-01
8.588999999999999968e-01 6.392999999999999794e-01 5.084999999999999520e-01 4.153999999999999915e-01 8.548249999999999460e-01
8.711999999999999744e-01 6.814000000000000057e-01 5.482000000000000206e-01 4.677000000000000046e-01 8.769500000000000073e-01
8.611999999999999655e-01 6.497000000000000552e-01 5.231000000000000094e-01 4.307000000000000273e-01 8.605500000000000371e-01
8.457999999999999963e-01 6.231999999999999762e-01 4.939000000000000057e-01 4.032000000000000028e-01 8.447249999999999481e-01
8.790999999999999925e-01 6.773000000000000131e-01 5.503000000000000114e-01 4.581999999999999962e-01 8.765749999999999931e-01
8.568999999999999950e-01 6.541000000000000147e-01 5.093999999999999639e-01 4.143999999999999906e-01 8.566500000000000226e-01
8.652999999999999581e-01 6.792000000000000259e-01 5.433999999999999941e-01 4.490000000000000102e-01 8.709750000000000547e-01
8.632999999999999563e-01 6.539000000000000368e-01 5.279000000000000359e-01 4.269999999999999907e-01 8.635000000000000453e-01
8.672999999999999599e-01 6.544999999999999707e-01 5.292999999999999927e-01 4.260999999999999788e-01 8.632999999999999563e-01
8.800999999999999934e-01 6.876999999999999780e-01 5.637999999999999678e-01 4.682999999999999940e-01 8.812499999999999778e-01
8.520999999999999686e-01 6.435999999999999499e-01 5.123999999999999666e-01 4.106000000000000205e-01 8.519999999999999796e-01
8.406000000000000139e-01 6.117000000000000215e-01 4.788999999999999924e-01 4.022000000000000020e-01 8.417750000000000510e-01
8.322000000000000508e-01 6.038000000000000034e-01 4.618999999999999773e-01 3.778000000000000247e-01 8.354500000000000259e-01
8.609999999999999876e-01 6.459000000000000297e-01 5.049000000000000155e-01 4.324999999999999956e-01 8.558249999999999469e-01
8.385000000000000231e-01 6.179999999999999938e-01 4.752000000000000113e-01 3.996999999999999997e-01 8.387750000000000483e-01
8.457000000000000073e-01 6.239000000000000101e-01 4.918000000000000149e-01 3.946999999999999953e-01 8.445000000000000284e-01
8.571999999999999620e-01 6.520000000000000240e-01 5.142999999999999794e-01 4.123999999999999888e-01 8.530250000000000332e-01
8.658000000000000140e-01 6.622000000000000108e-01 5.268000000000000460e-01 4.309999999999999942e-01 8.647749999999999604e-01
8.661999999999999700e-01 6.582999999999999963e-01 5.201999999999999957e-01 4.297000000000000264e-01 8.655749999999999833e-01
8.628000000000000114e-01 6.610000000000000320e-01 5.323999999999999844e-01 4.434000000000000163e-01 8.656500000000000306e-01
8.424000000000000377e-01 6.312999999999999723e-01 4.995999999999999885e-01 4.161000000000000254e-01 8.509750000000000369e-01
8.447999999999999954e-01 6.443999999999999728e-01 4.946999999999999731e-01 4.092999999999999972e-01 8.521750000000000158e-01
8.434000000000000385e-01 6.281999999999999806e-01 5.017000000000000348e-01 4.077999999999999958e-01 8.491750000000000131e-01
8.592999999999999527e-01 6.588000000000000522e-01 5.178000000000000380e-01 4.319999999999999951e-01 8.585749999999999771e-01
8.466000000000000192e-01 6.337000000000000410e-01 4.848999999999999977e-01 4.092000000000000082e-01 8.514749999999999819e-01
8.578999999999999959e-01 6.431000000000000050e-01 5.050999999999999934e-01 4.094999999999999751e-01 8.561750000000000194e-01
8.436000000000000165e-01 6.247000000000000330e-01 4.828000000000000069e-01 3.881999999999999895e-01 8.420499999999999652e-01
8.514000000000000457e-01 6.249000000000000110e-01 4.809999999999999831e-01 4.008999999999999786e-01 8.453500000000000458e-01
8.670999999999999819e-01 6.740000000000000435e-01 5.397999999999999465e-01 4.519000000000000239e-01 8.682999999999999607e-01
8.538000000000000034e-01 6.350999999999999979e-01 4.914000000000000035e-01 4.102000000000000091e-01 8.499499999999999833e-01
8.578000000000000069e-01 6.457000000000000517e-01 5.070999999999999952e-01 4.269999999999999907e-01 8.541499999999999648e-01
8.582999999999999519e-01 6.451999999999999957e-01 5.108000000000000318e-01 4.152000000000000135e-01 8.530250000000000332e-01
8.544000000000000483e-01 6.461999999999999966e-01 5.133999999999999675e-01 4.228000000000000091e-01 8.570999999999999730e-01
8.678000000000000158e-01 6.631000000000000227e-01 5.312000000000000055e-01 4.415000000000000036e-01 8.633750000000000036e-01
8.703999999999999515e-01 6.569000000000000394e-01 5.242999999999999883e-01 4.307000000000000273e-01 8.609750000000000458e-01
8.552999999999999492e-01 6.401000000000000023e-01 4.870999999999999774e-01 4.060000000000000275e-01 8.511999999999999567e-01
8.760000000000000009e-01 6.780000000000000471e-01 5.360000000000000320e-01 4.510000000000000120e-01 8.724250000000000060e-01
8.587000000000000188e-01 6.516999999999999460e-01 5.077000000000000401e-01 4.274999999999999911e-01 8.600999999999999757e-01
8.548000000000000043e-01 6.402999999999999803e-01 5.016000000000000458e-01 4.121000000000000218e-01 8.535000000000000364e-01
8.487999999999999989e-01 6.411000000000000032e-01 5.099000000000000199e-01 4.097000000000000086e-01 8.546500000000000208e-01
8.515000000000000346e-01 6.421999999999999931e-01 4.938000000000000167e-01 4.108999999999999875e-01 8.522250000000000103e-01
8.636000000000000343e-01 6.585999999999999632e-01 5.244999999999999662e-01 4.213000000000000078e-01 8.594500000000000473e-01
8.340999999999999526e-01 6.247000000000000330e-01 4.788000000000000034e-01 3.822999999999999732e-01 8.450750000000000206e-01
8.499999999999999778e-01 6.321999999999999842e-01 4.941999999999999726e-01 4.194999999999999840e-01 8.497000000000000108e-01
8.496000000000000218e-01 6.399000000000000243e-01 4.989000000000000101e-01 3.941999999999999948e-01 8.520999999999999686e-01
8.663999999999999480e-01 6.751000000000000334e-01 5.477999999999999536e-01 4.511999999999999900e-01 8.680250000000000465e-01
8.560999999999999721e-01 6.411999999999999922e-01 5.131000000000000005e-01 4.186000000000000276e-01 8.539999999999999813e-01
8.670999999999999819e-01 6.787999999999999590e-01 5.366999999999999549e-01 4.482999999999999763e-01 8.689000000000000057e-01
8.608999999999999986e-01 6.389000000000000234e-01 5.051999999999999824e-01 4.314999999999999947e-01 8.500999999999999668e-01
8.709000000000000075e-01 6.831000000000000405e-01 5.436999999999999611e-01 4.524000000000000243e-01 8.715000000000000524e-01
8.690999999999999837e-01 6.751000000000000334e-01 5.353999999999999870e-01 4.421999999999999820e-01 8.678000000000000158e-01
8.464000000000000412e-01 6.176000000000000378e-01 4.737999999999999989e-01 3.904000000000000248e-01 8.396000000000000130e-01
