2.549083333333333479e-01 2.528937499999999727e-01
2.536083333333333245e-01 2.528041666666666631e-01
2.531916666666666482e-01 2.562333333333333130e-01
2.521833333333333149e-01 2.519500000000000073e-01
2.559583333333333433e-01 2.563020833333333193e-01
2.557666666666666422e-01 2.556645833333333062e-01
2.539000000000000146e-01 2.523395833333333393e-01
2.528583333333333516e-01 2.532874999999999988e-01
2.514833333333333365e-01 2.528270833333333134e-01
2.525583333333333291e-01 2.543104166666666499e-01
2.506833333333333136e-01 2.532104166666666600e-01
2.553833333333333511e-01 2.540916666666666601e-01
2.520083333333333342e-01 2.510145833333333187e-01
2.531249999999999889e-01 2.522270833333333240e-01
2.543333333333333557e-01 2.522375000000000034e-01
2.546083333333333254e-01 2.543854166666666416e-01
2.522666666666666391e-01 2.518729166666666686e-01
2.558416666666666894e-01 2.548874999999999891e-01
2.558500000000000218e-01 2.560020833333333523e-01
2.553500000000000214e-01 2.554354166666666925e-01
2.532666666666666400e-01 2.513020833333333148e-01
2.545749999999999957e-01 2.542208333333333403e-01
2.515416666666666634e-01 2.524708333333333110e-01
2.520749999999999935e-01 2.532520833333333221e-01
2.552333333333333121e-01 2.538145833333333434e-01
2.519166666666666776e-01 2.530458333333333587e-01
2.518250000000000210e-01 2.528958333333333197e-01
2.534083333333333465e-01 2.559833333333333405e-01
2.568166666666666931e-01 2.550270833333333487e-01
2.542249999999999788e-01 2.550854166666666756e-01
2.526666666666666505e-01 2.543416666666666881e-01
2.529416666666666758e-01 2.552458333333333385e-01
2.551999999999999824e-01 2.557479166666666859e-01
2.539000000000000146e-01 2.530416666666666647e-01
2.573166666666666935e-01 2.584187499999999749e-01
2.564583333333333437e-01 2.552249999999999797e-01
2.571333333333333249e-01 2.562999999999999723e-01
2.513166666666666882e-01 2.524833333333333374e-01
2.538666666666666849e-01 2.525749999999999940e-01
2.548500000000000210e-01 2.545375000000000276e-01
2.531833333333333158e-01 2.534729166666666589e-01
2.514000000000000123e-01 2.526645833333333591e-01
2.554833333333333401e-01 2.525791666666666879e-01
2.508583333333333498e-01 2.534500000000000086e-01
2.538250000000000228e-01 2.535666666666666624e-01
2.537249999999999783e-01 2.534624999999999795e-01
2.543583333333333529e-01 2.530416666666666647e-01
2.538833333333333497e-01 2.533874999999999877e-01
2.550583333333333313e-01 2.560083333333333377e-01
2.545833333333333282e-01 2.564416666666666789e-01
2.529500000000000082e-01 2.527062500000000211e-01
2.521999999999999797e-01 2.527583333333333071e-01
2.515916666666666579e-01 2.526145833333333091e-01
2.509000000000000119e-01 2.535666666666666624e-01
2.517750000000000266e-01 2.531895833333333568e-01
2.559416666666666784e-01 2.576333333333333253e-01
2.530249999999999999e-01 2.543854166666666416e-01
2.551666666666666528e-01 2.535104166666666825e-01
2.550583333333333313e-01 2.577458333333333407e-01
2.548166666666666913e-01 2.532062500000000216e-01
2.560083333333333377e-01 2.547125000000000083e-01
2.538416666666666877e-01 2.544624999999999804e-01
2.525833333333333264e-01 2.542895833333333466e-01
2.545999999999999930e-01 2.552520833333333239e-01
2.530833333333333268e-01 2.525416666666666643e-01
2.540916666666666601e-01 2.530979166666666447e-01
2.556833333333333180e-01 2.557479166666666859e-01
2.525833333333333264e-01 2.541020833333333395e-01
2.542333333333333112e-01 2.532166666666666455e-01
2.533666666666666845e-01 2.541562499999999725e-01
2.509250000000000091e-01 2.525791666666666879e-01
2.545583333333333309e-01 2.549520833333333569e-01
2.553333333333333566e-01 2.538270833333333143e-01
2.556999999999999829e-01 2.545437500000000131e-01
2.538916666666666822e-01 2.518166666666666886e-01
2.533750000000000169e-01 2.542416666666666436e-01
2.538416666666666877e-01 2.522729166666666800e-01
2.536583333333333190e-01 2.537020833333333281e-01
2.529083333333333461e-01 2.531270833333333359e-01
2.539416666666666766e-01 2.531499999999999861e-01
2.530583333333333296e-01 2.524354166666666899e-01
2.542666666666666409e-01 2.522770833333333185e-01
2.536916666666666487e-01 2.538041666666666640e-01
2.543750000000000178e-01 2.536604166666666660e-01
2.553166666666666917e-01 2.540333333333333332e-01
2.527833333333333599e-01 2.520812499999999790e-01
2.567249999999999810e-01 2.564395833333333319e-01
2.550916666666666610e-01 2.539958333333333096e-01
2.521833333333333149e-01 2.528958333333333197e-01
2.560999999999999943e-01 2.555708333333333582e-01
2.530999999999999917e-01 2.529666666666666730e-01
2.530499999999999972e-01 2.536208333333333509e-01
2.539833333333333387e-01 2.523312500000000069e-01
2.555749999999999966e-01 2.547833333333333061e-01
2.562749999999999750e-01 2.548895833333333361e-01
2.543833333333333502e-01 2.547166666666666468e-01
2.546666666666666523e-01 2.539958333333333096e-01
2.535749999999999948e-01 2.526937499999999948e-01
2.539166666666666794e-01 2.524770833333333520e-01
2.542499999999999760e-01 2.534604166666666880e-01
