2.684666666666666868e-01 2.669374999999999942e-01
2.695083333333333497e-01 2.674937499999999746e-01
2.739500000000000268e-01 2.718999999999999750e-01
2.756333333333333413e-01 2.762104166666666805e-01
2.689083333333333603e-01 2.680645833333333283e-01
2.637833333333333141e-01 2.651916666666666589e-01
2.624666666666666814e-01 2.632354166666666662e-01
2.745166666666666866e-01 2.775958333333333194e-01
2.681166666666666698e-01 2.691458333333333064e-01
2.696500000000000008e-01 2.707208333333333550e-01
2.715583333333333460e-01 2.705854166666666893e-01
2.718916666666666426e-01 2.736250000000000071e-01
2.809333333333333127e-01 2.803083333333333260e-01
2.773833333333333151e-01 2.777812499999999796e-01
2.837749999999999995e-01 2.825166666666666937e-01
2.746250000000000080e-01 2.755395833333333377e-01
2.747416666666666618e-01 2.744479166666666803e-01
2.719416666666666926e-01 2.710395833333333337e-01
2.818583333333333218e-01 2.807354166666666817e-01
2.791916666666666713e-01 2.775729166666666692e-01
2.654916666666666814e-01 2.656958333333333533e-01
2.667916666666666492e-01 2.676895833333333141e-01
2.715750000000000108e-01 2.708979166666666827e-01
2.718083333333333185e-01 2.714729166666666749e-01
2.710833333333333428e-01 2.701562499999999867e-01
2.748999999999999777e-01 2.753854166666666603e-01
2.812500000000000000e-01 2.812437500000000146e-01
2.664833333333333498e-01 2.668229166666666874e-01
2.634166666666666878e-01 2.647645833333333587e-01
2.763999999999999790e-01 2.749729166666666780e-01
2.654166666666666896e-01 2.652812500000000240e-01
2.674000000000000266e-01 2.676124999999999754e-01
2.731500000000000039e-01 2.747437500000000088e-01
2.684166666666666923e-01 2.671854166666666752e-01
2.769583333333333064e-01 2.764291666666666702e-01
2.614833333333333454e-01 2.622999999999999776e-01
2.700750000000000095e-01 2.694208333333333316e-01
2.649416666666666864e-01 2.654812500000000020e-01
2.710416666666666807e-01 2.705583333333333451e-01
2.671583333333333310e-01 2.686395833333333205e-01
2.703249999999999820e-01 2.695583333333333442e-01
2.705416666666666803e-01 2.720187499999999758e-01
2.752499999999999947e-01 2.735500000000000154e-01
2.692583333333333218e-01 2.684833333333333516e-01
2.701999999999999957e-01 2.697062499999999807e-01
2.772916666666666585e-01 2.774083333333333123e-01
2.819666666666666432e-01 2.823645833333333077e-01
2.791166666666666796e-01 2.783812500000000245e-01
2.689750000000000196e-01 2.696416666666666684e-01
2.840833333333333544e-01 2.827208333333333101e-01
2.730416666666666825e-01 2.730020833333333119e-01
2.663166666666666460e-01 2.642958333333333409e-01
2.839833333333333099e-01 2.832437500000000163e-01
2.704166666666666941e-01 2.695187499999999736e-01
2.796500000000000097e-01 2.783187500000000036e-01
2.728833333333333111e-01 2.747958333333333503e-01
2.705166666666666830e-01 2.741395833333333254e-01
2.891000000000000236e-01 2.853625000000000189e-01
2.685583333333333433e-01 2.681625000000000258e-01
2.617916666666666448e-01 2.638624999999999998e-01
2.613416666666666943e-01 2.600520833333333504e-01
2.726500000000000035e-01 2.715354166666666402e-01
2.629833333333333467e-01 2.629854166666666937e-01
2.656999999999999917e-01 2.648625000000000007e-01
2.697083333333333277e-01 2.684979166666666694e-01
2.741083333333333427e-01 2.735520833333333068e-01
2.737749999999999906e-01 2.742187500000000111e-01
2.760166666666666879e-01 2.766916666666666691e-01
2.679166666666666918e-01 2.674729166666666713e-01
2.660333333333333439e-01 2.679541666666666599e-01
2.656083333333333352e-01 2.670291666666666508e-01
2.706166666666666720e-01 2.715666666666666784e-01
2.662583333333333191e-01 2.663937499999999847e-01
2.684333333333333571e-01 2.687708333333333477e-01
2.642249999999999877e-01 2.643479166666666824e-01
2.633166666666666433e-01 2.636687500000000073e-01
2.785916666666666819e-01 2.771270833333333572e-01
2.676000000000000045e-01 2.665812499999999918e-01
2.721916666666666651e-01 2.681520833333333464e-01
2.682166666666666588e-01 2.677645833333333059e-01
2.705666666666666775e-01 2.698083333333333167e-01
2.736083333333333423e-01 2.757354166666666773e-01
2.729583333333333584e-01 2.739458333333333329e-01
2.654500000000000193e-01 2.670624999999999805e-01
2.811333333333333462e-01 2.795145833333333441e-01
2.717249999999999943e-01 2.725833333333333441e-01
2.690583333333333438e-01 2.685020833333333079e-01
2.649583333333333512e-01 2.684937499999999755e-01
2.674250000000000238e-01 2.673145833333333554e-01
2.722166666666666623e-01 2.733375000000000110e-01
2.642333333333333201e-01 2.641854166666666726e-01
2.650666666666666726e-01 2.671270833333333483e-01
2.690583333333333438e-01 2.674208333333333298e-01
2.783916666666666484e-01 2.783812500000000245e-01
2.693833333333333080e-01 2.694624999999999937e-01
2.802666666666666639e-01 2.792041666666666422e-01
2.680833333333333401e-01 2.682499999999999885e-01
2.838166666666666615e-01 2.819479166666666869e-01
2.779499999999999749e-01 2.786479166666666618e-01
2.613583333333333591e-01 2.624041666666666606e-01
