8.000000000000000000e+00 1.000000000000000000e+01 1.000000000000000000e+01 6.000000000000000000e+00
1.100000000000000000e+01 1.000000000000000000e+01 8.000000000000000000e+00 9.000000000000000000e+00
1.700000000000000000e+01 2.100000000000000000e+01 1.700000000000000000e+01 1.400000000000000000e+01
2.900000000000000000e+01 3.100000000000000000e+01 3.100000000000000000e+01 3.000000000000000000e+01
3.300000000000000000e+01 3.400000000000000000e+01 2.900000000000000000e+01 3.100000000000000000e+01
3.500000000000000000e+01 3.600000000000000000e+01 3.900000000000000000e+01 3.400000000000000000e+01
4.400000000000000000e+01 3.900000000000000000e+01 4.400000000000000000e+01 4.600000000000000000e+01
4.600000000000000000e+01 4.600000000000000000e+01 4.600000000000000000e+01 4.600000000000000000e+01
5.000000000000000000e+01 5.500000000000000000e+01 5.500000000000000000e+01 5.100000000000000000e+01
6.100000000000000000e+01 5.800000000000000000e+01 6.100000000000000000e+01 5.900000000000000000e+01
