8.181818181818182323e-01 7.266726672667266351e-01 6.498649864986498770e-01 8.019801980198020264e-01 6.981698169816982213e-01 6.285628562856285795e-01 7.911791179117911854e-01 6.975697569756975636e-01 6.105610561056105112e-01 8.751875187518751709e-01 8.118811881188119361e-01 7.827782778277827536e-01
7.803780378037803445e-01 6.822682268226822888e-01 5.682568256825683006e-01 8.358835883588359161e-01 7.089708970897089513e-01 6.480648064806480146e-01 8.073807380738073913e-01 6.957695769576958122e-01 6.183618361836183963e-01 7.887788778877887763e-01 6.837683768376837667e-01 5.922592259225922806e-01
6.510651065106510815e-01 4.854485448544854642e-01 3.882388238823882287e-01 6.321632163216321931e-01 4.215421542154215162e-01 3.408340834083408155e-01 7.116711671167116338e-01 5.712571257125712565e-01 4.323432343234323572e-01 7.002700270027002460e-01 5.445544554455445940e-01 4.305430543054305503e-01
5.766576657665766215e-01 3.777377737773777167e-01 2.652265226522652064e-01 5.316531653165316174e-01 3.264326432643264164e-01 2.376237623762376128e-01 5.529552955295529149e-01 3.390339033903390087e-01 2.517251725172517385e-01 6.039603960396039417e-01 4.137413741374137421e-01 3.024302430243024364e-01
5.490549054905490278e-01 3.516351635163516565e-01 2.721272127212721048e-01 5.298529852985298660e-01 3.168316831683168355e-01 2.310231023102310155e-01 5.787578757875787572e-01 4.050405040504050369e-01 2.880288028802880373e-01 5.412541254125412538e-01 3.528352835283528610e-01 2.460246024602460169e-01
5.358535853585358888e-01 3.096309630963096082e-01 2.256225622562256228e-01 5.178517851785178205e-01 3.063306330633063235e-01 2.235223522352235148e-01 5.355535553555355044e-01 3.264326432643264164e-01 2.412241224122412264e-01 5.835583558355835754e-01 3.813381338133813303e-01 2.778277827782778542e-01
4.833483348334833285e-01 2.973297329732973449e-01 2.076207620762076100e-01 4.947494749474947717e-01 2.925292529252925267e-01 2.166216621662166164e-01 4.605460546054605531e-01 2.379237923792379139e-01 2.022202220222022173e-01 4.452445244524452228e-01 2.304230423042304132e-01 1.734173417341734191e-01
4.473447344734473585e-01 2.412241224122412264e-01 1.866186618661866137e-01 4.122412241224122642e-01 2.442244224422442378e-01 1.743174317431743225e-01 4.452445244524452228e-01 2.415241524152415276e-01 1.617161716171617025e-01 4.632463246324632355e-01 2.745274527452745139e-01 1.851185118511851080e-01
4.407440744074407335e-01 2.439243924392439367e-01 1.893189318931893239e-01 3.711371137113711471e-01 2.007200720072007116e-01 1.479147914791479057e-01 4.203420342034203672e-01 2.220222022202220091e-01 1.716171617161716123e-01 4.176417641764176292e-01 2.319231923192319189e-01 1.830183018301830278e-01
3.738373837383738296e-01 1.932193219321932109e-01 1.485148514851485080e-01 3.915391539153915135e-01 2.154215421542154119e-01 1.665166516651665207e-01 3.903390339033903644e-01 2.136213621362136328e-01 1.614161416141614291e-01 3.711371137113711471e-01 1.821182118211821244e-01 1.299129912991299207e-01
