8.227999999999999758e-01 8.016999999999999682e-01 8.048999999999999488e-01 8.676000000000000378e-01
7.748000000000000442e-01 8.268999999999999684e-01 8.057999999999999607e-01 7.936999999999999611e-01
6.625999999999999668e-01 6.226000000000000423e-01 7.035000000000000142e-01 6.935000000000000053e-01
5.726999999999999869e-01 5.290000000000000258e-01 5.538999999999999480e-01 5.929999999999999716e-01
5.551000000000000378e-01 5.262999999999999901e-01 5.973000000000000531e-01 5.342000000000000082e-01
5.202999999999999847e-01 5.245999999999999552e-01 5.276999999999999469e-01 5.732000000000000428e-01
4.979999999999999982e-01 5.062999999999999723e-01 4.516999999999999904e-01 4.333000000000000185e-01
4.428000000000000269e-01 4.245999999999999774e-01 4.509000000000000230e-01 4.460999999999999965e-01
4.278000000000000136e-01 3.649999999999999911e-01 4.243000000000000105e-01 4.273000000000000131e-01
3.755000000000000004e-01 3.900000000000000133e-01 4.050000000000000266e-01 3.659999999999999920e-01
