4.200000000000000000e+01 4.800000000000000000e+01 4.600000000000000000e+01 3.400000000000000000e+01
7.500000000000000000e+01 6.900000000000000000e+01 7.600000000000000000e+01 7.900000000000000000e+01
1.220000000000000000e+02 1.350000000000000000e+02 1.280000000000000000e+02 1.110000000000000000e+02
1.720000000000000000e+02 1.780000000000000000e+02 1.730000000000000000e+02 1.730000000000000000e+02
1.800000000000000000e+02 1.900000000000000000e+02 1.720000000000000000e+02 1.670000000000000000e+02
2.280000000000000000e+02 2.410000000000000000e+02 2.520000000000000000e+02 2.200000000000000000e+02
2.850000000000000000e+02 2.560000000000000000e+02 2.710000000000000000e+02 2.840000000000000000e+02
3.030000000000000000e+02 3.090000000000000000e+02 3.070000000000000000e+02 3.020000000000000000e+02
3.660000000000000000e+02 3.700000000000000000e+02 3.400000000000000000e+02 3.660000000000000000e+02
3.970000000000000000e+02 3.790000000000000000e+02 3.710000000000000000e+02 3.940000000000000000e+02
