9.243924392439240023e-01 9.399939993999393284e-01 8.913891389138909327e-01 9.726972697269711254e-01
8.625862586258615794e-01 1.028802880288028687e+00 9.531953195319531336e-01 9.072907290729065322e-01
8.850885088508858578e-01 9.726972697269743451e-01 8.535853585358536000e-01 8.976897689768977839e-01
8.619861986198624759e-01 8.532853285328542148e-01 8.934893489348937345e-01 8.730873087308730351e-01
8.643864386438644409e-01 8.700870087008705234e-01 8.091809180918093647e-01 8.112811281128112784e-01
9.042904290429049086e-01 8.580858085808583668e-01 8.685868586858689344e-01 8.844884488448847559e-01
7.656765676567659495e-01 8.232823282328239900e-01 8.700870087008703013e-01 8.178817881788184030e-01
8.049804980498053153e-01 6.783678367836784018e-01 7.728772877287735099e-01 7.512751275127514949e-01
7.797779777977803528e-01 6.591659165916597951e-01 7.665766576657674358e-01 7.401740174017404916e-01
6.903690369036907803e-01 6.948694869486954362e-01 6.915691569156923180e-01 6.969696969696975719e-01
