9.326999999999999735e-01 8.525000000000000355e-01 7.150000000000000799e-01 4.937000000000000277e-01 3.169499999999999540e-01 2.496500000000000385e-01 2.514333333333332865e-01 2.484250000000000069e-01 2.513999999999999568e-01 2.480777777777777304e-01 2.487000000000000322e-01 2.492600000000000371e-01
9.293000000000000149e-01 8.568000000000000060e-01 7.166000000000000147e-01 4.941999999999999726e-01 3.189999999999999503e-01 2.580500000000000016e-01 2.508666666666666822e-01 2.475249999999999950e-01 2.510999999999999899e-01 2.484666666666666135e-01 2.482400000000000162e-01 2.505566666666666498e-01
9.353000000000000203e-01 8.575000000000000400e-01 7.140999999999999570e-01 5.009000000000000119e-01 3.185000000000000053e-01 2.578500000000000236e-01 2.488666666666666805e-01 2.518249999999999655e-01 2.507000000000000339e-01 2.500666666666666593e-01 2.507000000000000339e-01 2.491900000000000226e-01
9.315999999999999837e-01 8.559999999999999831e-01 7.189999999999999725e-01 5.119000000000000217e-01 3.110500000000000487e-01 2.539500000000000091e-01 2.483333333333332948e-01 2.525249999999999995e-01 2.495333333333333847e-01 2.497333333333333627e-01 2.490533333333333488e-01 2.497433333333333172e-01
9.344000000000000083e-01 8.608000000000000096e-01 7.074000000000000288e-01 5.111999999999999877e-01 3.139499999999999513e-01 2.529500000000000082e-01 2.480999999999999872e-01 2.454250000000000043e-01 2.499833333333333352e-01 2.502555555555555644e-01 2.495533333333332937e-01 2.495533333333332937e-01
9.283000000000000140e-01 8.560999999999999721e-01 7.085000000000000187e-01 5.038000000000000256e-01 3.188999999999999613e-01 2.512499999999999734e-01 2.449666666666666659e-01 2.509500000000000064e-01 2.489999999999999991e-01 2.503444444444444805e-01 2.504333333333332856e-01 2.505633333333333601e-01
9.374000000000000110e-01 8.530999999999999694e-01 7.112000000000000544e-01 5.026999999999999247e-01 3.134000000000000119e-01 2.503499999999999615e-01 2.447000000000000286e-01 2.457249999999999712e-01 2.519000000000000128e-01 2.502888888888888941e-01 2.489200000000000301e-01 2.501433333333333842e-01
9.282000000000000250e-01 8.532999999999999474e-01 7.081999999999999407e-01 5.043999999999999595e-01 3.128499999999999615e-01 2.450999999999999845e-01 2.488000000000000211e-01 2.489000000000000101e-01 2.476500000000000368e-01 2.466111111111111143e-01 2.493133333333333868e-01 2.481266666666667176e-01
9.299999999999999378e-01 8.519999999999999796e-01 7.112000000000000544e-01 5.105999999999999428e-01 3.199499999999999567e-01 2.534999999999999476e-01 2.495666666666667144e-01 2.484499999999999487e-01 2.517000000000000348e-01 2.531999999999999806e-01 2.497133333333333427e-01 2.512299999999999534e-01
9.344999999999999973e-01 8.572999999999999510e-01 7.161999999999999478e-01 5.026999999999999247e-01 3.159999999999999476e-01 2.531499999999999861e-01 2.523999999999999577e-01 2.506500000000000394e-01 2.484499999999999487e-01 2.472333333333333050e-01 2.515066666666666562e-01 2.496599999999999930e-01
