9.989999999999999991e-01 9.982999999999999652e-01 9.961999999999999744e-01 9.915000000000000480e-01 9.827000000000000179e-01 9.606000000000000094e-01 9.126333333333332964e-01 8.224750000000000671e-01 6.577333333333332810e-01 4.431111111111111223e-01 2.861399999999999499e-01 2.515333333333333865e-01
9.991999999999999771e-01 9.983999999999999542e-01 9.957000000000000295e-01 9.919999999999999929e-01 9.805500000000000327e-01 9.577999999999999847e-01 9.082666666666666666e-01 8.125499999999999945e-01 6.414666666666666295e-01 4.238444444444444681e-01 2.773866666666666703e-01 2.510466666666666402e-01
9.997000000000000330e-01 9.983999999999999542e-01 9.966000000000000414e-01 9.926000000000000378e-01 9.821999999999999620e-01 9.601500000000000590e-01 9.177666666666666195e-01 8.244249999999999634e-01 6.592833333333333323e-01 4.444888888888889333e-01 2.855400000000000160e-01 2.507200000000000539e-01
9.990999999999999881e-01 9.979999999999999982e-01 9.973999999999999533e-01 9.919000000000000039e-01 9.825500000000000345e-01 9.603000000000000425e-01 9.095999999999999641e-01 8.146249999999999325e-01 6.452666666666666551e-01 4.311888888888888438e-01 2.805933333333333612e-01 2.493233333333333412e-01
9.995000000000000551e-01 9.982999999999999652e-01 9.968000000000000194e-01 9.928000000000000158e-01 9.818500000000000005e-01 9.606999999999999984e-01 9.144999999999999796e-01 8.208250000000000268e-01 6.565499999999999670e-01 4.380111111111111288e-01 2.826999999999999513e-01 2.496800000000000130e-01
9.990999999999999881e-01 9.981999999999999762e-01 9.958000000000000185e-01 9.919000000000000039e-01 9.837000000000000188e-01 9.607999999999999874e-01 9.153666666666666618e-01 8.235000000000000098e-01 6.530333333333333545e-01 4.406777777777777239e-01 2.846133333333333848e-01 2.511833333333333140e-01
9.993999999999999551e-01 9.986000000000000432e-01 9.955000000000000515e-01 9.903999999999999471e-01 9.823500000000000565e-01 9.608999999999999764e-01 9.108000000000000540e-01 8.162000000000000366e-01 6.479333333333332501e-01 4.325555555555555820e-01 2.807600000000000096e-01 2.500433333333332842e-01
9.993999999999999551e-01 9.981999999999999762e-01 9.962999999999999634e-01 9.910999999999999810e-01 9.810999999999999721e-01 9.575000000000000178e-01 9.032999999999999918e-01 8.095499999999999918e-01 6.314500000000000668e-01 4.149555555555555220e-01 2.751666666666666705e-01 2.501266666666667193e-01
9.991999999999999771e-01 9.975000000000000533e-01 9.952999999999999625e-01 9.905000000000000471e-01 9.811499999999999666e-01 9.576999999999999957e-01 9.147666666666667279e-01 8.191749999999999865e-01 6.535500000000000753e-01 4.325666666666666549e-01 2.834666666666666446e-01 2.505800000000000249e-01
9.988000000000000211e-01 9.985000000000000542e-01 9.961999999999999744e-01 9.915000000000000480e-01 9.804000000000000492e-01 9.620999999999999552e-01 9.166999999999999593e-01 8.223000000000000309e-01 6.612166666666666748e-01 4.406111111111110645e-01 2.863733333333333686e-01 2.503699999999999815e-01
