9.917000000000000259e-01 9.838000000000000078e-01 9.644000000000000350e-01 9.265999999999999792e-01 8.313000000000000389e-01 6.771000000000000352e-01 4.625666666666666815e-01 2.954250000000000487e-01 2.510999999999999899e-01 2.483888888888888813e-01 2.514933333333333465e-01 2.498633333333333262e-01
9.936000000000000387e-01 9.837000000000000188e-01 9.657999999999999918e-01 9.254999999999999893e-01 8.384500000000000286e-01 6.779500000000000526e-01 4.662666666666667181e-01 2.946750000000000203e-01 2.503833333333332911e-01 2.472888888888888914e-01 2.487800000000000011e-01 2.501666666666666483e-01
9.930999999999999828e-01 9.839999999999999858e-01 9.640999999999999570e-01 9.251000000000000334e-01 8.358999999999999764e-01 6.794999999999999929e-01 4.682666666666667199e-01 2.971000000000000307e-01 2.517833333333333590e-01 2.503666666666666263e-01 2.503266666666666973e-01 2.498966666666666558e-01
9.947000000000000286e-01 9.844000000000000528e-01 9.638999999999999790e-01 9.206999999999999629e-01 8.446000000000000174e-01 6.854500000000000037e-01 4.635000000000000231e-01 2.971000000000000307e-01 2.534333333333332883e-01 2.494666666666666144e-01 2.511266666666667202e-01 2.497500000000000275e-01
9.931999999999999718e-01 9.852999999999999536e-01 9.615000000000000213e-01 9.261000000000000343e-01 8.329499999999999682e-01 6.774499999999999966e-01 4.658333333333333215e-01 2.953500000000000014e-01 2.522333333333333094e-01 2.508555555555556094e-01 2.504199999999999759e-01 2.501900000000000235e-01
9.929999999999999938e-01 9.842999999999999527e-01 9.650999999999999579e-01 9.198999999999999400e-01 8.391999999999999460e-01 6.833000000000000185e-01 4.755666666666666931e-01 2.965250000000000385e-01 2.501499999999999835e-01 2.480999999999999872e-01 2.502400000000000180e-01 2.497700000000000475e-01
9.926000000000000378e-01 9.839999999999999858e-01 9.643000000000000460e-01 9.203000000000000069e-01 8.362000000000000544e-01 6.855499999999999927e-01 4.691333333333332911e-01 2.954499999999999904e-01 2.553666666666666307e-01 2.487333333333333618e-01 2.503066666666666773e-01 2.503266666666666973e-01
9.911999999999999700e-01 9.821999999999999620e-01 9.627999999999999892e-01 9.220000000000000417e-01 8.322000000000000508e-01 6.749499999999999389e-01 4.659999999999999698e-01 2.937999999999999501e-01 2.542499999999999760e-01 2.473555555555555507e-01 2.494533333333333047e-01 2.501033333333333442e-01
9.927000000000000268e-01 9.850999999999999757e-01 9.664000000000000368e-01 9.243999999999999995e-01 8.407999999999999918e-01 6.873500000000000165e-01 4.697999999999999954e-01 2.990249999999999853e-01 2.516333333333333755e-01 2.510000000000000009e-01 2.494466666666667054e-01 2.499266666666666303e-01
9.922999999999999599e-01 9.847000000000000197e-01 9.628999999999999782e-01 9.258999999999999453e-01 8.337499999999999911e-01 6.861500000000000377e-01 4.716666666666666785e-01 2.977999999999999536e-01 2.502833333333333021e-01 2.510777777777777331e-01 2.506133333333333546e-01 2.496633333333333482e-01
