6.049499999999999877e-01 4.605249999999999622e-01 3.786249999999999893e-01
5.767999999999999794e-01 4.403500000000000192e-01 3.571999999999999620e-01
6.051999999999999602e-01 4.637999999999999901e-01 3.832750000000000323e-01
5.832999999999999297e-01 4.533749999999999725e-01 3.625749999999999806e-01
5.971250000000000169e-01 4.549999999999999600e-01 3.762250000000000316e-01
5.982000000000000650e-01 4.573500000000000343e-01 3.766249999999999876e-01
5.842749999999999888e-01 4.464749999999999552e-01 3.683499999999999552e-01
5.711249999999999938e-01 4.332749999999999657e-01 3.520250000000000323e-01
5.911500000000000643e-01 4.502749999999999808e-01 3.695249999999999924e-01
6.052250000000000130e-01 4.721999999999999531e-01 3.816000000000000503e-01
