6.225499999999999368e-01 4.877500000000000169e-01 3.938500000000000334e-01
6.223000000000000753e-01 4.868500000000000050e-01 4.008000000000000451e-01
6.209999999999999964e-01 4.816500000000000226e-01 3.906500000000000528e-01
6.306499999999999329e-01 4.889499999999999957e-01 4.029500000000000304e-01
6.239999999999999991e-01 4.895500000000000407e-01 3.968000000000000416e-01
6.227000000000000313e-01 4.882499999999999618e-01 3.992999999999999883e-01
6.306499999999999329e-01 5.003500000000000725e-01 3.975999999999999535e-01
6.219500000000000028e-01 4.852499999999999591e-01 3.964499999999999691e-01
6.266000000000000458e-01 4.840999999999999748e-01 4.055999999999999606e-01
6.329000000000000181e-01 4.906500000000000306e-01 3.959500000000000242e-01
