2.531333333333333213e-01 2.495666666666667144e-01 2.513333333333332975e-01
2.543999999999999595e-01 2.501999999999999780e-01 2.503999999999999559e-01
2.522333333333333094e-01 2.491666666666666474e-01 2.458666666666666778e-01
2.507000000000000339e-01 2.526333333333333764e-01 2.511666666666666492e-01
2.466333333333333711e-01 2.493333333333332957e-01 2.529666666666666730e-01
2.485666666666667135e-01 2.484333333333332838e-01 2.485000000000000542e-01
2.527333333333333654e-01 2.520333333333333314e-01 2.518000000000000238e-01
2.517666666666666941e-01 2.481666666666666465e-01 2.510333333333333306e-01
2.491666666666666474e-01 2.500666666666666593e-01 2.486666666666667025e-01
2.448333333333333472e-01 2.502666666666666373e-01 2.498000000000000220e-01
