6.486000000000000654e-01 5.058000000000000274e-01 4.356999999999999762e-01
6.500000000000000222e-01 5.134000000000000785e-01 4.304000000000000048e-01
6.391999999999999904e-01 5.107999999999999208e-01 4.217999999999999527e-01
6.463999999999999746e-01 5.050000000000000044e-01 4.421000000000000485e-01
6.413999999999999702e-01 5.149000000000000243e-01 4.354999999999999982e-01
6.410000000000000142e-01 5.020000000000000018e-01 4.263000000000000123e-01
6.562000000000000055e-01 5.033000000000000806e-01 4.283000000000000140e-01
6.470000000000000195e-01 5.115000000000000657e-01 4.382000000000000339e-01
6.450000000000000178e-01 5.101999999999999869e-01 4.240000000000000435e-01
6.449000000000000288e-01 5.059000000000000163e-01 4.344999999999999973e-01
