8.105999999999999872e-01 7.108999999999999764e-01 6.251999999999999780e-01
8.173000000000000265e-01 7.193000000000000504e-01 6.371999999999999886e-01
8.080000000000000515e-01 7.188999999999999835e-01 6.249000000000000110e-01
8.162000000000000366e-01 7.116999999999999993e-01 6.346000000000000529e-01
8.117999999999999661e-01 7.086999999999999966e-01 6.289000000000000146e-01
8.114000000000000101e-01 7.116999999999999993e-01 6.342999999999999750e-01
8.217999999999999750e-01 7.207999999999999963e-01 6.385000000000000675e-01
8.113000000000000211e-01 7.096999999999999975e-01 6.311999999999999833e-01
8.227999999999999758e-01 7.162999999999999368e-01 6.421000000000000041e-01
8.184000000000000163e-01 7.141999999999999460e-01 6.303000000000000824e-01
