7.853999999999999870e-01 6.808666666666667311e-01 5.891333333333332867e-01
7.677000000000000490e-01 6.573333333333333250e-01 5.691333333333332689e-01
7.874333333333333185e-01 6.778666666666666174e-01 5.893333333333332646e-01
7.763666666666666494e-01 6.631000000000000227e-01 5.795333333333333448e-01
7.790666666666666851e-01 6.744666666666666588e-01 5.903666666666667062e-01
7.838000000000000522e-01 6.805999999999999828e-01 5.905666666666666842e-01
7.704999999999999627e-01 6.618999999999999329e-01 5.768666666666666387e-01
7.592666666666666453e-01 6.507333333333333858e-01 5.622000000000000330e-01
7.753333333333333188e-01 6.664999999999999813e-01 5.825000000000000178e-01
7.896333333333332982e-01 6.808666666666667311e-01 6.016333333333333533e-01
