9.001000000000000112e-01 8.430999999999999606e-01 7.877000000000000668e-01
9.053999999999999826e-01 8.472999999999999421e-01 7.983999999999999986e-01
8.989000000000000323e-01 8.456000000000000183e-01 7.973000000000000087e-01
9.064999999999999725e-01 8.427000000000000046e-01 7.922000000000000153e-01
9.012000000000000011e-01 8.425000000000000266e-01 7.898000000000000576e-01
9.013999999999999790e-01 8.508000000000000007e-01 7.948999999999999400e-01
9.062000000000000055e-01 8.480999999999999650e-01 7.956999999999999629e-01
9.027000000000000579e-01 8.437000000000000055e-01 7.897000000000000686e-01
9.069000000000000394e-01 8.519999999999999796e-01 7.988999999999999435e-01
9.040000000000000258e-01 8.466000000000000192e-01 7.983000000000000096e-01
