9.956000000000000405e-01 9.940999999999999837e-01 9.899000000000000021e-01
9.957000000000000295e-01 9.933999999999999497e-01 9.860999999999999766e-01
9.961999999999999744e-01 9.927000000000000268e-01 9.902999999999999581e-01
9.946000000000000396e-01 9.926000000000000378e-01 9.889000000000000012e-01
9.951999999999999735e-01 9.919999999999999929e-01 9.879000000000000004e-01
9.948000000000000176e-01 9.938000000000000167e-01 9.899999999999999911e-01
9.952999999999999625e-01 9.919999999999999929e-01 9.892999999999999572e-01
9.953999999999999515e-01 9.911999999999999700e-01 9.889000000000000012e-01
9.946000000000000396e-01 9.923999999999999488e-01 9.897000000000000242e-01
9.969999999999999973e-01 9.930999999999999828e-01 9.902999999999999581e-01
