2.465000000000000524e-01 2.490999999999999881e-01 2.508666666666666822e-01
2.480333333333333279e-01 2.494333333333332847e-01 2.510000000000000009e-01
2.473499999999999588e-01 2.524666666666666170e-01 2.458500000000000130e-01
2.509500000000000064e-01 2.512333333333333085e-01 2.495333333333333847e-01
2.477166666666666961e-01 2.499666666666666703e-01 2.478000000000000203e-01
2.522333333333333094e-01 2.512499999999999734e-01 2.543166666666666353e-01
2.506833333333333691e-01 2.495500000000000496e-01 2.500999999999999890e-01
2.510000000000000009e-01 2.517666666666666941e-01 2.505333333333333856e-01
2.482666666666666355e-01 2.550666666666666638e-01 2.483166666666666300e-01
2.493833333333332902e-01 2.516833333333333700e-01 2.502499999999999725e-01
