2.496000000000000441e-01 2.492999999999999661e-01 2.523499999999999632e-01
2.500000000000000000e-01 2.490999999999999881e-01 2.437000000000000277e-01
2.509000000000000119e-01 2.498000000000000220e-01 2.540499999999999980e-01
2.514499999999999513e-01 2.524499999999999522e-01 2.453999999999999515e-01
2.514999999999999458e-01 2.478500000000000147e-01 2.459500000000000020e-01
2.507500000000000284e-01 2.488500000000000156e-01 2.490499999999999936e-01
2.521999999999999797e-01 2.487000000000000322e-01 2.481499999999999817e-01
2.483999999999999542e-01 2.461999999999999744e-01 2.471999999999999753e-01
2.533499999999999641e-01 2.494499999999999496e-01 2.529500000000000082e-01
2.538000000000000256e-01 2.523999999999999577e-01 2.451999999999999735e-01
