9.899000000000000021e-01 9.848000000000000087e-01 9.761999999999999567e-01
9.889000000000000012e-01 9.834000000000000519e-01 9.759999999999999787e-01
9.889999999999999902e-01 9.845000000000000417e-01 9.787000000000000144e-01
9.896000000000000352e-01 9.851999999999999647e-01 9.728999999999999870e-01
9.903999999999999471e-01 9.852999999999999536e-01 9.776000000000000245e-01
9.915000000000000480e-01 9.819999999999999840e-01 9.753000000000000558e-01
9.887000000000000233e-01 9.831999999999999629e-01 9.759999999999999787e-01
9.902999999999999581e-01 9.819999999999999840e-01 9.746000000000000218e-01
9.879999999999999893e-01 9.860999999999999766e-01 9.764000000000000457e-01
9.911999999999999700e-01 9.828000000000000069e-01 9.760999999999999677e-01
