9.808000000000000052e-01 9.661999999999999478e-01 9.556999999999999940e-01
9.798999999999999932e-01 9.700999999999999623e-01 9.527999999999999803e-01
9.785000000000000364e-01 9.660999999999999588e-01 9.453000000000000291e-01
9.820999999999999730e-01 9.675000000000000266e-01 9.524000000000000243e-01
9.801999999999999602e-01 9.673000000000000487e-01 9.523000000000000353e-01
9.784000000000000474e-01 9.644000000000000350e-01 9.576000000000000068e-01
9.784000000000000474e-01 9.659999999999999698e-01 9.519999999999999574e-01
9.811999999999999611e-01 9.665000000000000258e-01 9.519999999999999574e-01
9.829999999999999849e-01 9.652000000000000579e-01 9.584000000000000297e-01
9.772999999999999465e-01 9.654000000000000359e-01 9.585000000000000187e-01
