2.488749999999999574e-01 2.463999999999999524e-01 2.526000000000000467e-01
2.520499999999999963e-01 2.503750000000000142e-01 2.524999999999999467e-01
2.524250000000000105e-01 2.508500000000000174e-01 2.531999999999999806e-01
2.490750000000000464e-01 2.521750000000000380e-01 2.483499999999999597e-01
2.512999999999999678e-01 2.498749999999999583e-01 2.500000000000000000e-01
2.512999999999999678e-01 2.502250000000000307e-01 2.448500000000000121e-01
2.491999999999999771e-01 2.475749999999999895e-01 2.514499999999999513e-01
2.507749999999999702e-01 2.487749999999999684e-01 2.518749999999999600e-01
2.520499999999999963e-01 2.519500000000000073e-01 2.479249999999999510e-01
2.502499999999999725e-01 2.470999999999999863e-01 2.506500000000000394e-01
