9.808999999999999941e-01 9.634000000000000341e-01 9.531000000000000583e-01
9.768000000000000016e-01 9.621999999999999442e-01 9.456999999999999851e-01
9.772999999999999465e-01 9.653000000000000469e-01 9.494000000000000217e-01
9.756000000000000227e-01 9.621999999999999442e-01 9.459999999999999520e-01
9.755000000000000338e-01 9.634000000000000341e-01 9.540999999999999481e-01
9.779999999999999805e-01 9.613000000000000433e-01 9.487999999999999767e-01
9.753000000000000558e-01 9.633000000000000451e-01 9.464000000000000190e-01
9.730999999999999650e-01 9.586999999999999966e-01 9.441000000000000503e-01
9.779999999999999805e-01 9.635000000000000231e-01 9.514000000000000234e-01
9.809999999999999831e-01 9.660999999999999588e-01 9.527999999999999803e-01
