8.946000000000000618e-01 8.386500000000000066e-01 7.802000000000000046e-01
8.875999999999999446e-01 8.229499999999999593e-01 7.607500000000000373e-01
8.956999999999999407e-01 8.366500000000000048e-01 7.825999999999999623e-01
8.931499999999999995e-01 8.224500000000000144e-01 7.640000000000000124e-01
8.897000000000000464e-01 8.343500000000000361e-01 7.765999999999999570e-01
8.911499999999999977e-01 8.336000000000000076e-01 7.752999999999999892e-01
8.897500000000000409e-01 8.246499999999999941e-01 7.647500000000000409e-01
8.810499999999999998e-01 8.147499999999999742e-01 7.565500000000000558e-01
8.955999999999999517e-01 8.309999999999999609e-01 7.728500000000000369e-01
8.979000000000000314e-01 8.365500000000000158e-01 7.799500000000000322e-01
