2.879000000000000448e-01 2.521999999999999797e-01 2.560999999999999943e-01
2.855999999999999650e-01 2.559000000000000163e-01 2.483999999999999542e-01
2.850000000000000311e-01 2.523999999999999577e-01 2.489999999999999991e-01
2.821000000000000174e-01 2.533999999999999586e-01 2.520000000000000018e-01
2.883999999999999897e-01 2.558000000000000274e-01 2.526000000000000467e-01
2.921000000000000263e-01 2.491999999999999771e-01 2.498000000000000220e-01
2.944999999999999840e-01 2.496000000000000441e-01 2.510000000000000009e-01
2.816999999999999504e-01 2.554999999999999494e-01 2.511999999999999789e-01
2.871000000000000218e-01 2.529000000000000137e-01 2.507000000000000339e-01
2.920000000000000373e-01 2.553999999999999604e-01 2.510000000000000009e-01
