4.095999999999999641e-01 3.076999999999999735e-01 2.656500000000000528e-01
4.116999999999999549e-01 3.062000000000000277e-01 2.703499999999999792e-01
4.069500000000000339e-01 2.999500000000000499e-01 2.721000000000000085e-01
4.125999999999999668e-01 3.048999999999999488e-01 2.725999999999999535e-01
4.125499999999999723e-01 3.061500000000000332e-01 2.703999999999999737e-01
4.142000000000000126e-01 3.079499999999999460e-01 2.714999999999999636e-01
4.035499999999999643e-01 3.096499999999999808e-01 2.688000000000000389e-01
4.095999999999999641e-01 3.068999999999999506e-01 2.693499999999999783e-01
4.177999999999999492e-01 3.106499999999999817e-01 2.698500000000000343e-01
4.068000000000000504e-01 3.072500000000000231e-01 2.731500000000000039e-01
