9.561500000000000554e-01 9.230500000000000371e-01 8.941500000000000004e-01
9.478999999999999648e-01 9.176999999999999602e-01 8.811999999999999833e-01
9.546999999999999931e-01 9.224999999999999867e-01 8.962499999999999911e-01
9.508499999999999730e-01 9.181000000000000272e-01 8.873499999999999721e-01
9.501500000000000501e-01 9.171000000000000263e-01 8.906499999999999417e-01
9.508999999999999675e-01 9.180500000000000327e-01 8.904999999999999583e-01
9.475999999999999979e-01 9.183999999999999941e-01 8.889500000000000179e-01
9.460500000000000576e-01 9.137999999999999456e-01 8.806500000000000439e-01
9.525000000000000133e-01 9.182500000000000107e-01 8.896500000000000519e-01
9.517499999999999849e-01 9.215999999999999748e-01 8.927000000000000490e-01
