4.406999999999999806e-01 3.227999999999999758e-01 2.820000000000000284e-01
4.415999999999999925e-01 3.266000000000000014e-01 2.805999999999999606e-01
4.434000000000000163e-01 3.356999999999999984e-01 2.810000000000000275e-01
4.395000000000000018e-01 3.252000000000000446e-01 2.808000000000000496e-01
4.408999999999999586e-01 3.258999999999999675e-01 2.809000000000000385e-01
4.389999999999999458e-01 3.235999999999999988e-01 2.732999999999999874e-01
4.458999999999999631e-01 3.270999999999999464e-01 2.862000000000000099e-01
4.433000000000000274e-01 3.269999999999999574e-01 2.772999999999999909e-01
4.456999999999999851e-01 3.398999999999999799e-01 2.873999999999999888e-01
4.404000000000000137e-01 3.299999999999999600e-01 2.820000000000000284e-01
