3.895833333333332815e-01 2.924166666666666581e-01 2.675333333333332897e-01
3.669499999999999984e-01 2.881166666666666876e-01 2.601333333333333275e-01
3.905166666666666231e-01 2.950333333333333696e-01 2.628166666666666984e-01
3.727666666666666906e-01 2.871666666666666812e-01 2.621333333333333293e-01
3.866833333333333789e-01 2.873666666666666591e-01 2.641833333333333256e-01
3.846000000000000529e-01 2.939666666666667094e-01 2.602999999999999758e-01
3.748333333333333517e-01 2.896166666666666334e-01 2.624666666666666259e-01
3.604000000000000536e-01 2.831333333333333480e-01 2.604499999999999593e-01
3.767333333333333645e-01 2.876999999999999558e-01 2.605166666666666186e-01
3.877666666666667039e-01 2.973999999999999977e-01 2.639500000000000179e-01
