2.481999999999999762e-01 2.493166666666666309e-01 2.523499999999999632e-01
2.479666666666666686e-01 2.441833333333333078e-01 2.483833333333332893e-01
2.507666666666666933e-01 2.500833333333333242e-01 2.509500000000000064e-01
2.490666666666666584e-01 2.520333333333333314e-01 2.493999999999999551e-01
2.496000000000000441e-01 2.469333333333333380e-01 2.502833333333333021e-01
2.505666666666667153e-01 2.504833333333332801e-01 2.511999999999999789e-01
2.470166666666666622e-01 2.515333333333333865e-01 2.485166666666667190e-01
2.508666666666666822e-01 2.511333333333333195e-01 2.518833333333333480e-01
2.479000000000000092e-01 2.504166666666666208e-01 2.499833333333333352e-01
2.491666666666666474e-01 2.499666666666666703e-01 2.480833333333333224e-01
