2.468249999999999611e-01 2.492999999999999661e-01 2.501250000000000417e-01
2.557000000000000384e-01 2.515249999999999986e-01 2.466500000000000359e-01
2.509000000000000119e-01 2.512999999999999678e-01 2.485249999999999959e-01
2.531499999999999861e-01 2.492750000000000243e-01 2.512750000000000261e-01
2.484250000000000069e-01 2.483499999999999597e-01 2.499749999999999472e-01
2.451250000000000373e-01 2.460499999999999909e-01 2.507500000000000284e-01
2.495249999999999968e-01 2.454749999999999988e-01 2.458749999999999547e-01
2.490250000000000519e-01 2.483999999999999542e-01 2.526500000000000412e-01
2.488749999999999574e-01 2.496000000000000441e-01 2.483499999999999597e-01
2.462999999999999634e-01 2.496500000000000385e-01 2.473499999999999588e-01
