7.998000000000000664e-01 6.929000000000000714e-01 6.068000000000000060e-01
7.978000000000000647e-01 7.050000000000000711e-01 6.180999999999999828e-01
8.023000000000000131e-01 6.949000000000000732e-01 6.148000000000000131e-01
7.969999999999999307e-01 7.020999999999999464e-01 6.130999999999999783e-01
7.961000000000000298e-01 6.958999999999999631e-01 6.108000000000000096e-01
8.055999999999999828e-01 6.982999999999999208e-01 6.245000000000000551e-01
8.003000000000000114e-01 6.978999999999999648e-01 6.150999999999999801e-01
8.087999999999999634e-01 6.959999999999999520e-01 6.191999999999999726e-01
8.109999999999999432e-01 6.975999999999999979e-01 6.239999999999999991e-01
8.094000000000000083e-01 6.977999999999999758e-01 6.089999999999999858e-01
