9.979999999999999982e-01 9.968000000000000194e-01 9.962999999999999634e-01
9.978000000000000203e-01 9.962999999999999634e-01 9.947000000000000286e-01
9.975000000000000533e-01 9.962999999999999634e-01 9.955000000000000515e-01
9.979000000000000092e-01 9.966000000000000414e-01 9.968000000000000194e-01
9.983999999999999542e-01 9.950999999999999845e-01 9.960999999999999854e-01
9.979999999999999982e-01 9.970999999999999863e-01 9.956000000000000405e-01
9.983999999999999542e-01 9.968000000000000194e-01 9.942999999999999616e-01
9.980999999999999872e-01 9.959999999999999964e-01 9.958000000000000185e-01
9.979000000000000092e-01 9.959999999999999964e-01 9.942999999999999616e-01
9.979999999999999982e-01 9.979999999999999982e-01 9.947000000000000286e-01
