2.768333333333333757e-01 2.503999999999999559e-01 2.469000000000000083e-01
2.731999999999999984e-01 2.519666666666666721e-01 2.522333333333333094e-01
2.718333333333333712e-01 2.592666666666666453e-01 2.503666666666666263e-01
2.753999999999999782e-01 2.522333333333333094e-01 2.534333333333332883e-01
2.715999999999999526e-01 2.542333333333333112e-01 2.451333333333333142e-01
2.737666666666667137e-01 2.520999999999999908e-01 2.473333333333332940e-01
2.758666666666667044e-01 2.590666666666666673e-01 2.477666666666666906e-01
2.743999999999999773e-01 2.512666666666666382e-01 2.485000000000000542e-01
2.731333333333333391e-01 2.496333333333333737e-01 2.478333333333333499e-01
2.708333333333333703e-01 2.533999999999999586e-01 2.558000000000000274e-01
