9.556000000000000050e-01 9.244999999999999885e-01 9.002000000000000002e-01
9.584000000000000297e-01 9.275999999999999801e-01 8.975999999999999535e-01
9.489999999999999547e-01 9.292000000000000259e-01 9.002000000000000002e-01
9.594000000000000306e-01 9.245999999999999774e-01 9.031000000000000139e-01
9.556000000000000050e-01 9.267999999999999572e-01 8.989000000000000323e-01
9.570999999999999508e-01 9.283000000000000140e-01 8.983999999999999764e-01
9.532000000000000473e-01 9.292000000000000259e-01 9.011000000000000121e-01
9.555000000000000160e-01 9.294000000000000039e-01 8.953999999999999737e-01
9.594000000000000306e-01 9.274000000000000021e-01 9.027000000000000579e-01
9.525000000000000133e-01 9.230000000000000426e-01 9.072999999999999954e-01
