2.503999999999999559e-01 2.547500000000000320e-01 2.438000000000000167e-01
2.491499999999999826e-01 2.503999999999999559e-01 2.500499999999999945e-01
2.547000000000000375e-01 2.457000000000000295e-01 2.532999999999999696e-01
2.481999999999999762e-01 2.480499999999999927e-01 2.508500000000000174e-01
2.504499999999999504e-01 2.496500000000000385e-01 2.470999999999999863e-01
2.540000000000000036e-01 2.498000000000000220e-01 2.556500000000000439e-01
2.456500000000000350e-01 2.557000000000000384e-01 2.458500000000000130e-01
2.483499999999999597e-01 2.510499999999999954e-01 2.479999999999999982e-01
2.484499999999999487e-01 2.466000000000000414e-01 2.468500000000000139e-01
2.501499999999999835e-01 2.497000000000000330e-01 2.535500000000000531e-01
