9.993250000000000188e-01 9.983499999999999597e-01 9.964749999999999996e-01 9.920750000000000401e-01 9.811874999999999902e-01 9.589250000000000274e-01 9.143083333333332785e-01 8.240125000000000366e-01 6.586208333333333220e-01
9.993499999999999606e-01 9.977500000000000258e-01 9.952999999999999625e-01 9.910250000000000448e-01 9.817749999999999533e-01 9.576124999999999776e-01 9.088916666666666533e-01 8.115687499999999499e-01 6.381458333333334121e-01
9.993250000000000188e-01 9.986749999999999794e-01 9.962999999999999634e-01 9.920250000000000457e-01 9.827875000000000361e-01 9.615249999999999631e-01 9.168083333333333362e-01 8.224937500000000234e-01 6.595833333333334103e-01
9.991999999999999771e-01 9.984250000000000069e-01 9.965500000000000469e-01 9.917000000000000259e-01 9.818000000000000060e-01 9.597624999999999629e-01 9.128833333333333799e-01 8.152375000000000593e-01 6.454791666666666039e-01
9.992999999999999661e-01 9.984250000000000069e-01 9.963250000000000162e-01 9.919750000000000512e-01 9.818750000000000533e-01 9.593749999999999778e-01 9.144999999999999796e-01 8.190937499999999538e-01 6.560874999999999346e-01
9.992999999999999661e-01 9.986249999999999849e-01 9.964250000000000052e-01 9.923499999999999543e-01 9.820999999999999730e-01 9.617499999999999938e-01 9.142166666666666774e-01 8.205375000000000307e-01 6.555458333333332721e-01
9.995000000000000551e-01 9.982999999999999652e-01 9.961999999999999744e-01 9.922250000000000236e-01 9.813625000000000265e-01 9.590999999999999526e-01 9.117333333333332845e-01 8.170062499999999339e-01 6.474374999999999991e-01
9.991750000000000353e-01 9.981999999999999762e-01 9.960999999999999854e-01 9.910250000000000448e-01 9.809499999999999886e-01 9.579124999999999446e-01 9.073333333333333250e-01 8.049749999999999961e-01 6.308000000000000274e-01
9.991999999999999771e-01 9.984250000000000069e-01 9.964749999999999996e-01 9.927249999999999686e-01 9.822999999999999510e-01 9.609874999999999945e-01 9.143000000000000016e-01 8.183062500000000128e-01 6.528374999999999595e-01
9.992750000000000243e-01 9.982999999999999652e-01 9.964749999999999996e-01 9.917749999999999622e-01 9.826249999999999707e-01 9.608499999999999819e-01 9.171666666666666856e-01 8.234875000000000389e-01 6.587791666666666934e-01
