9.346750000000000336e-01 8.561250000000000249e-01 7.110250000000000181e-01 5.024999999999999467e-01 3.141000000000000458e-01 2.521124999999999616e-01 2.514333333333332865e-01 2.484250000000000069e-01 2.513999999999999568e-01
9.314750000000000529e-01 8.540750000000000286e-01 7.185500000000000220e-01 5.069500000000000117e-01 3.174249999999999572e-01 2.512499999999999734e-01 2.508666666666666822e-01 2.475249999999999950e-01 2.510999999999999899e-01
9.325499999999999901e-01 8.563250000000000028e-01 7.073749999999999760e-01 5.057000000000000384e-01 3.120500000000000496e-01 2.533125000000000515e-01 2.488666666666666805e-01 2.518249999999999655e-01 2.507000000000000339e-01
9.319500000000000561e-01 8.551999999999999602e-01 7.111750000000000016e-01 5.013750000000000151e-01 3.142125000000000057e-01 2.527125000000000066e-01 2.483333333333332948e-01 2.525249999999999995e-01 2.495333333333333847e-01
9.308499999999999552e-01 8.560250000000000359e-01 7.101999999999999424e-01 5.037749999999999728e-01 3.135250000000000536e-01 2.518249999999999655e-01 2.480999999999999872e-01 2.454250000000000043e-01 2.499833333333333352e-01
9.309250000000000025e-01 8.577000000000000179e-01 7.119500000000000828e-01 5.013250000000000206e-01 3.156999999999999806e-01 2.520499999999999963e-01 2.449666666666666659e-01 2.509500000000000064e-01 2.489999999999999991e-01
9.315250000000000474e-01 8.554249999999999909e-01 7.114500000000000268e-01 5.077000000000000401e-01 3.161749999999999838e-01 2.539624999999999799e-01 2.447000000000000286e-01 2.457249999999999712e-01 2.519000000000000128e-01
9.334500000000000020e-01 8.561750000000000194e-01 7.141500000000000625e-01 5.037000000000000366e-01 3.176875000000000115e-01 2.514374999999999805e-01 2.488000000000000211e-01 2.489000000000000101e-01 2.476500000000000368e-01
9.305750000000000410e-01 8.549750000000000405e-01 7.144249999999999767e-01 5.044500000000000650e-01 3.145624999999999671e-01 2.532999999999999696e-01 2.495666666666667144e-01 2.484499999999999487e-01 2.517000000000000348e-01
9.318499999999999561e-01 8.512500000000000622e-01 7.157249999999999446e-01 5.051499999999999879e-01 3.153124999999999956e-01 2.542250000000000343e-01 2.523999999999999577e-01 2.506500000000000394e-01 2.484499999999999487e-01
