9.928249999999999575e-01 9.848500000000000032e-01 9.648750000000000382e-01 9.212749999999999551e-01 8.374375000000000568e-01 6.757750000000000146e-01 4.623833333333333684e-01 2.957812499999999956e-01 2.511916666666667020e-01
9.931250000000000355e-01 9.845749999999999780e-01 9.625249999999999639e-01 9.217250000000000165e-01 8.372500000000000497e-01 6.796625000000000583e-01 4.663833333333333719e-01 2.958625000000000282e-01 2.509500000000000064e-01
9.929000000000000048e-01 9.846000000000000307e-01 9.653749999999999831e-01 9.213999999999999968e-01 8.357250000000000512e-01 6.826125000000000664e-01 4.644333333333333647e-01 2.929812499999999709e-01 2.508083333333332998e-01
9.928249999999999575e-01 9.831499999999999684e-01 9.644500000000000295e-01 9.235750000000000348e-01 8.390625000000000444e-01 6.847874999999999934e-01 4.688666666666666538e-01 2.979312499999999808e-01 2.518083333333333007e-01
9.928249999999999575e-01 9.845000000000000417e-01 9.621250000000000080e-01 9.253000000000000114e-01 8.342125000000000234e-01 6.788250000000000117e-01 4.648416666666667085e-01 2.952562499999999979e-01 2.511833333333333140e-01
9.935749999999999860e-01 9.854000000000000536e-01 9.655500000000000194e-01 9.244999999999999885e-01 8.388625000000000664e-01 6.869000000000000661e-01 4.688750000000000417e-01 2.980062500000000281e-01 2.522416666666666973e-01
9.931999999999999718e-01 9.845749999999999780e-01 9.648999999999999799e-01 9.236750000000000238e-01 8.388249999999999318e-01 6.848374999999999879e-01 4.687083333333332824e-01 2.972000000000000197e-01 2.506083333333333218e-01
9.927249999999999686e-01 9.843750000000000000e-01 9.653749999999999831e-01 9.214999999999999858e-01 8.362499999999999378e-01 6.774000000000000021e-01 4.617416666666667169e-01 2.946937499999999766e-01 2.516749999999999821e-01
9.924749999999999961e-01 9.842999999999999527e-01 9.651250000000000107e-01 9.240000000000000435e-01 8.382749999999999924e-01 6.855750000000000455e-01 4.739250000000000407e-01 2.980812499999999643e-01 2.528083333333333016e-01
9.931499999999999773e-01 9.830999999999999739e-01 9.647999999999999909e-01 9.239749999999999908e-01 8.357999999999999874e-01 6.839124999999999233e-01 4.688583333333333769e-01 2.963187499999999641e-01 2.520375000000000254e-01
