9.431000000000000494e-01 9.282000000000000250e-01 9.267999999999999572e-01 9.310000000000000497e-01
9.363000000000000211e-01 9.265999999999999792e-01 9.230000000000000426e-01 9.054999999999999716e-01
8.752999999999999670e-01 8.813999999999999613e-01 8.760000000000000009e-01 8.810000000000000053e-01
8.614000000000000545e-01 8.461999999999999522e-01 8.632999999999999563e-01 8.385000000000000231e-01
8.077999999999999625e-01 8.249999999999999556e-01 8.070000000000000506e-01 8.308999999999999719e-01
7.973000000000000087e-01 8.075999999999999845e-01 8.161000000000000476e-01 8.078999999999999515e-01
7.682999999999999829e-01 7.798000000000000487e-01 7.973999999999999977e-01 7.829000000000000403e-01
7.776999999999999469e-01 7.614999999999999547e-01 7.735999999999999543e-01 7.598000000000000309e-01
7.622999999999999776e-01 7.540999999999999925e-01 7.584999999999999520e-01 7.500000000000000000e-01
7.573999999999999622e-01 7.456000000000000405e-01 7.354000000000000536e-01 7.296000000000000263e-01
