9.441944194419441549e-01 9.171917191719172191e-01 8.931893189318932391e-01 9.390939093909390634e-01 9.024902490249024911e-01 8.640864086408640565e-01 9.267926792679267445e-01 8.730873087308730351e-01 8.406840684068407343e-01 9.348934893489349029e-01 8.988898889888988775e-01 8.613861386138613740e-01
9.276927692769276756e-01 8.934893489348935125e-01 8.748874887488748975e-01 9.267926792679267445e-01 8.703870387038703527e-01 8.544854485448545311e-01 9.210921092109211061e-01 8.598859885988598961e-01 8.229822982298229395e-01 9.138913891389138788e-01 8.493849384938494396e-01 8.061806180618061868e-01
8.760876087608761020e-01 7.830783078307830269e-01 7.155715571557155208e-01 8.898889888988898988e-01 7.911791179117911854e-01 7.332733273327333157e-01 8.784878487848785111e-01 7.731773177317732282e-01 7.116711671167116338e-01 8.844884488448845339e-01 7.725772577257725704e-01 7.350735073507350670e-01
8.574857485748574870e-01 7.356735673567357248e-01 6.897689768976897895e-01 8.529852985298529422e-01 7.470747074707471125e-01 6.609660966096609913e-01 8.634863486348635098e-01 7.800780078007800711e-01 7.050705070507050642e-01 8.367836783678367363e-01 7.230723072307230215e-01 6.510651065106510815e-01
8.205820582058205304e-01 6.666666666666666297e-01 5.841584158415841221e-01 8.298829882988298934e-01 6.882688268826883116e-01 5.913591359135913494e-01 8.049804980498049822e-01 6.435643564356435808e-01 6.021602160216021904e-01 8.244824482448245284e-01 7.026702670267026551e-01 6.240624062406240347e-01
8.001800180018001640e-01 6.450645064506450588e-01 5.643564356435643026e-01 8.202820282028202570e-01 6.585658565856585822e-01 6.126612661266126469e-01 7.992799279927992329e-01 6.645664566456646050e-01 5.919591959195920072e-01 8.133813381338134141e-01 6.684668466846684920e-01 5.739573957395739390e-01
7.545754575457546132e-01 5.898589858985898715e-01 5.067506750675067062e-01 7.812781278127812756e-01 6.237623762376237613e-01 5.322532253225322751e-01 8.013801380138013686e-01 6.444644464446445120e-01 5.622562256225622779e-01 7.842784278427842315e-01 6.570657065706571043e-01 5.433543354335433895e-01
7.704770477047704347e-01 6.276627662766276483e-01 5.253525352535253212e-01 7.650765076507650697e-01 5.901590159015901449e-01 5.187518751875187517e-01 7.683768376837684100e-01 6.297629762976297840e-01 5.322532253225322751e-01 7.632763276327633184e-01 6.075607560756075554e-01 4.932493249324932383e-01
7.659765976597660009e-01 6.126612661266126469e-01 5.118511851185117978e-01 7.374737473747374761e-01 5.628562856285628246e-01 4.965496549654965230e-01 7.560756075607560911e-01 5.859585958595859845e-01 5.016501650165016146e-01 7.494749474947495216e-01 5.496549654965496856e-01 5.100510051005100465e-01
7.572757275727572956e-01 5.871587158715871890e-01 5.124512451245124556e-01 7.407740774077408163e-01 5.625562556255625513e-01 4.998499849984998633e-01 7.221722172217222013e-01 5.400540054005400492e-01 4.746474647464746233e-01 7.350735073507350670e-01 5.370537053705370933e-01 4.503450345034503699e-01
