2.200000000000000000e+01 2.200000000000000000e+01 2.800000000000000000e+01 2.200000000000000000e+01
3.500000000000000000e+01 3.400000000000000000e+01 3.700000000000000000e+01 4.700000000000000000e+01
7.500000000000000000e+01 7.200000000000000000e+01 7.200000000000000000e+01 6.800000000000000000e+01
7.900000000000000000e+01 9.100000000000000000e+01 8.000000000000000000e+01 9.300000000000000000e+01
1.160000000000000000e+02 1.010000000000000000e+02 1.090000000000000000e+02 9.500000000000000000e+01
1.350000000000000000e+02 1.320000000000000000e+02 1.340000000000000000e+02 1.300000000000000000e+02
1.620000000000000000e+02 1.530000000000000000e+02 1.470000000000000000e+02 1.570000000000000000e+02
1.670000000000000000e+02 1.680000000000000000e+02 1.750000000000000000e+02 1.810000000000000000e+02
1.850000000000000000e+02 2.040000000000000000e+02 1.970000000000000000e+02 2.050000000000000000e+02
1.910000000000000000e+02 2.130000000000000000e+02 1.840000000000000000e+02 2.140000000000000000e+02
