9.741974197419743797e-01 9.738973897389732182e-01 1.001800180018002306e+00 9.693969396939686733e-01
9.774977497749769428e-01 1.023702370237024040e+00 1.006600660066005348e+00 9.996999699969997266e-01
9.945994599459938579e-01 1.029402940294028568e+00 1.027602760276028038e+00 1.070807080708070513e+00
1.055205520552054965e+00 9.786978697869782584e-01 9.552955295529544921e-01 9.921992199219918929e-01
1.045904590459045824e+00 1.016201620162014763e+00 1.086408640864086284e+00 9.894989498949898765e-01
1.029702970297030618e+00 1.097809780978097782e+00 9.960996099609956689e-01 1.008700870087008150e+00
1.000900090009000154e+00 1.004800480048004596e+00 1.033003300330032737e+00 9.249924992499245491e-01
9.537953795379536803e-01 1.043504350435043193e+00 9.480948094809475979e-01 9.603960396039602498e-01
9.717971797179706384e-01 1.020402040204020588e+00 1.012001200120012490e+00 1.109510951095109998e+00
1.022802280228022331e+00 1.034503450345035436e+00 1.021002100210021579e+00 1.044404440444044457e+00
