9.451000000000000512e-01 9.496999999999999886e-01 9.225999999999999757e-01 9.598999999999999755e-01
9.537999999999999812e-01 9.435999999999999943e-01 9.236999999999999655e-01 9.234999999999999876e-01
8.790999999999999925e-01 8.903999999999999693e-01 8.827000000000000401e-01 8.922999999999999821e-01
8.629999999999999893e-01 8.330999999999999517e-01 8.840999999999999970e-01 8.895999999999999464e-01
8.667000000000000259e-01 8.632999999999999563e-01 8.399999999999999689e-01 8.728000000000000203e-01
7.969000000000000528e-01 8.078999999999999515e-01 8.403000000000000469e-01 8.366000000000000103e-01
8.147999999999999687e-01 8.338999999999999746e-01 7.843999999999999861e-01 7.992000000000000215e-01
8.235000000000000098e-01 7.933000000000000052e-01 8.014999999999999902e-01 8.542999999999999483e-01
7.809000000000000385e-01 7.833999999999999853e-01 7.959000000000000519e-01 6.943000000000000282e-01
7.684999999999999609e-01 7.508000000000000229e-01 8.374000000000000332e-01 7.077999999999999847e-01
