9.547348529997240485e-01 9.628571139301161930e-01 9.484959231103262667e-01 1.001991643867459869e+00
9.712205174285215570e-01 9.254103265237629827e-01 9.500313685442938194e-01 8.867434758033148068e-01
1.013606512275762928e+00 9.810434211675876925e-01 9.197154833602967372e-01 9.233084520138169493e-01
1.018305711208489672e+00 9.139195129568542519e-01 9.558646510006845176e-01 8.991374970408300138e-01
9.095281840402000828e-01 8.801760544807198938e-01 8.911114980931644780e-01 9.726270037498463417e-01
8.850438605820477589e-01 8.506369428803285393e-01 9.313063454319246981e-01 9.625733505372795484e-01
8.024047715623794375e-01 8.793408261614170662e-01 8.986640893491906201e-01 8.910219826951565336e-01
1.029138832034351303e+00 9.040816763783473542e-01 9.239277032541914902e-01 9.284134490548958674e-01
7.672917867505756329e-01 8.272650337319791269e-01 9.127196914475884659e-01 9.320093903768600363e-01
9.870696374391235706e-01 8.650355974023850036e-01 9.928001976263726158e-01 1.075750033915625403e+00
