9.436999999999999833e-01 9.264999999999999902e-01 9.286999999999999700e-01 9.585000000000000187e-01
9.166999999999999593e-01 9.237999999999999545e-01 9.417999999999999705e-01 9.435000000000000053e-01
8.639999999999999902e-01 8.346999999999999975e-01 8.639999999999999902e-01 8.934999999999999609e-01
7.934999999999999831e-01 7.710000000000000187e-01 7.786999999999999478e-01 7.944999999999999840e-01
7.669000000000000261e-01 7.790000000000000258e-01 8.056999999999999718e-01 7.983000000000000096e-01
7.771000000000000130e-01 7.643999999999999684e-01 7.437000000000000277e-01 7.776999999999999469e-01
7.235000000000000320e-01 7.346000000000000307e-01 6.985000000000000098e-01 6.832000000000000295e-01
7.026000000000000023e-01 6.850000000000000533e-01 7.020999999999999464e-01 7.006000000000000005e-01
6.720000000000000417e-01 6.378000000000000336e-01 6.544999999999999707e-01 6.782000000000000250e-01
6.278000000000000247e-01 6.418000000000000371e-01 6.357000000000000428e-01 6.308000000000000274e-01
