9.981545950781891552e-01 9.987244047901360222e-01 9.840552580857524489e-01 1.004203552634974850e+00
9.122227994018465846e-01 9.410257610862262645e-01 1.011424179695111336e+00 9.860548657786282201e-01
1.163692273622898954e+00 1.043164123020549283e+00 1.074209951530750384e+00 9.989459466388295183e-01
1.118279688830955632e+00 8.066412558238406083e-01 9.005754501249531030e-01 9.665149569025602849e-01
9.050853753252394718e-01 1.020641372124024171e+00 8.661923046052134589e-01 9.702805863722074875e-01
1.142533122525537737e+00 9.579978344042892058e-01 9.796301451927286186e-01 1.135255676712815687e+00
1.078515770562751941e+00 9.831319508949368791e-01 8.984808292796720997e-01 1.020195985520223836e+00
1.050172114477484930e+00 1.031783396713787049e+00 9.899679563196245313e-01 1.028760593793726974e+00
8.251942185281195830e-01 1.054816737445745778e+00 9.926444204460824761e-01 1.105962182923817094e+00
1.296124955755353803e+00 9.853732703568806039e-01 1.114320194427967925e+00 1.156462436930583815e+00
