9.677999999999999936e-01 9.738999999999999879e-01 9.566000000000000059e-01 9.715000000000000302e-01
9.744000000000000439e-01 9.764000000000000457e-01 9.635000000000000231e-01 9.540999999999999481e-01
9.129000000000000448e-01 9.316999999999999726e-01 9.144999999999999796e-01 9.215999999999999748e-01
9.106999999999999540e-01 8.893999999999999684e-01 9.095999999999999641e-01 8.879000000000000226e-01
8.570999999999999730e-01 8.830999999999999961e-01 8.666000000000000369e-01 8.827000000000000401e-01
8.589999999999999858e-01 8.649999999999999911e-01 8.726000000000000423e-01 8.683999999999999497e-01
8.470999999999999641e-01 8.514000000000000457e-01 8.499999999999999778e-01 8.410999999999999588e-01
8.444000000000000394e-01 8.384000000000000341e-01 8.366999999999999993e-01 8.272000000000000464e-01
8.186999999999999833e-01 8.135999999999999899e-01 8.336999999999999966e-01 8.178999999999999604e-01
8.196999999999999842e-01 8.161000000000000476e-01 8.144000000000000128e-01 7.953999999999999959e-01
