9.769113905677622167e-01 9.708429448803752582e-01 1.021914174715821133e+00 1.028493178910552697e+00
9.938107982006146868e-01 9.598980696227664700e-01 9.947398659764349338e-01 9.478002976004336055e-01
1.104919576141777160e+00 1.039850568662541219e+00 1.035519514440299327e+00 1.025473097958599977e+00
1.088904666654077369e+00 8.850016482798026551e-01 9.860841722452313718e-01 9.773132129980531824e-01
9.930121104305240642e-01 9.810191046534092463e-01 9.076651739425671828e-01 1.054781321013627204e+00
1.074005576074783530e+00 1.043102101841621332e+00 1.099050571780332275e+00 1.019059792791125352e+00
9.683120101231891264e-01 9.057933433009475177e-01 1.039809897544599071e+00 1.087038258034663585e+00
1.153689559348543225e+00 1.006244573706116974e+00 1.011799551636671124e+00 1.037352450117220659e+00
8.130408745574102536e-01 1.066739163690082259e+00 9.471972039395144538e-01 1.099189455137248750e+00
1.132383566362642036e+00 9.734368665023863665e-01 1.019176774340328162e+00 1.138408847366613852e+00
