2.762428571428571233e-01 2.502285714285714113e-01 2.514571428571428791e-01 2.494000000000000106e-01 2.715035714285714552e-01
2.678857142857142826e-01 2.482285714285714373e-01 2.508428571428571452e-01 2.466000000000000136e-01 2.677249999999999908e-01
2.735428571428571431e-01 2.503000000000000225e-01 2.484571428571428486e-01 2.500999999999999890e-01 2.751678571428571307e-01
2.687714285714285500e-01 2.516714285714285460e-01 2.483428571428571430e-01 2.507428571428571562e-01 2.663928571428571535e-01
2.781714285714285695e-01 2.501571428571428557e-01 2.494142857142857272e-01 2.531714285714285473e-01 2.785964285714285782e-01
2.757142857142856895e-01 2.490571428571428658e-01 2.517142857142857237e-01 2.504714285714285671e-01 2.765428571428571458e-01
2.675571428571428823e-01 2.500142857142856889e-01 2.490857142857142992e-01 2.525571428571428689e-01 2.673928571428571543e-01
2.650142857142857022e-01 2.508000000000000229e-01 2.524142857142857022e-01 2.498714285714285777e-01 2.674071428571428433e-01
2.673285714285714154e-01 2.485999999999999877e-01 2.498571428571428610e-01 2.490142857142857158e-01 2.685964285714285693e-01
2.691857142857143059e-01 2.525428571428571245e-01 2.510571428571428676e-01 2.505857142857143005e-01 2.711250000000000049e-01
2.671285714285714374e-01 2.496285714285714219e-01 2.495142857142857162e-01 2.487000000000000044e-01 2.662535714285714228e-01
2.745285714285714551e-01 2.478285714285714258e-01 2.458571428571428574e-01 2.500857142857143001e-01 2.732285714285714318e-01
2.679428571428571493e-01 2.535000000000000031e-01 2.500142857142856889e-01 2.473428571428571421e-01 2.663714285714285923e-01
2.680857142857142605e-01 2.490142857142857158e-01 2.507857142857142785e-01 2.480714285714285816e-01 2.667749999999999844e-01
2.664285714285714035e-01 2.493428571428571439e-01 2.537285714285714144e-01 2.485142857142857153e-01 2.679535714285714021e-01
2.731857142857143095e-01 2.479714285714285649e-01 2.506142857142857339e-01 2.502714285714285891e-01 2.734107142857142847e-01
2.593142857142857194e-01 2.487571428571428434e-01 2.489142857142857268e-01 2.529571428571428804e-01 2.592928571428571582e-01
2.749571428571428444e-01 2.504571428571428782e-01 2.497714285714285609e-01 2.497142857142857220e-01 2.772392857142856881e-01
2.801857142857142602e-01 2.480571428571428649e-01 2.487142857142857211e-01 2.476285714285714201e-01 2.771678571428571325e-01
2.721714285714285642e-01 2.501999999999999780e-01 2.482714285714285596e-01 2.480142857142857149e-01 2.749678571428571527e-01
2.643285714285714127e-01 2.510142857142856898e-01 2.489999999999999991e-01 2.485142857142857153e-01 2.646357142857143074e-01
2.803285714285714270e-01 2.501999999999999780e-01 2.541571428571428592e-01 2.494857142857142829e-01 2.753142857142857336e-01
2.685857142857142610e-01 2.495857142857142719e-01 2.497999999999999943e-01 2.495999999999999885e-01 2.659928571428571420e-01
2.705000000000000182e-01 2.506285714285714228e-01 2.497999999999999943e-01 2.519285714285714461e-01 2.702285714285714291e-01
2.752428571428571225e-01 2.480857142857142983e-01 2.515999999999999903e-01 2.488285714285714267e-01 2.717142857142857415e-01
2.719428571428571528e-01 2.509142857142857008e-01 2.488285714285714267e-01 2.509571428571428786e-01 2.732607142857143012e-01
2.656428571428571250e-01 2.524857142857143133e-01 2.519857142857143129e-01 2.516142857142857348e-01 2.693357142857142894e-01
2.752857142857143002e-01 2.483857142857142930e-01 2.485571428571428654e-01 2.489285714285714157e-01 2.747749999999999915e-01
2.760285714285714009e-01 2.492142857142857215e-01 2.464285714285714413e-01 2.491142857142857048e-01 2.771607142857142603e-01
2.740142857142857102e-01 2.498142857142857109e-01 2.495571428571428663e-01 2.485285714285714320e-01 2.762607142857143039e-01
2.708428571428571630e-01 2.517142857142857237e-01 2.499000000000000110e-01 2.485999999999999877e-01 2.701749999999999985e-01
2.762000000000000011e-01 2.477428571428571535e-01 2.504428571428571337e-01 2.513142857142857123e-01 2.771500000000000075e-01
2.776714285714285690e-01 2.492999999999999938e-01 2.518571428571428350e-01 2.494285714285714162e-01 2.761214285714285732e-01
2.721142857142856974e-01 2.491714285714285715e-01 2.497142857142857220e-01 2.515571428571428680e-01 2.719392857142857167e-01
2.828999999999999848e-01 2.476714285714285702e-01 2.492142857142857215e-01 2.529571428571428804e-01 2.836571428571428299e-01
2.785714285714285809e-01 2.478142857142857092e-01 2.472285714285714364e-01 2.489999999999999991e-01 2.771750000000000047e-01
2.803428571428571159e-01 2.499285714285714166e-01 2.504285714285714448e-01 2.503857142857142670e-01 2.806678571428571356e-01
2.707857142857142962e-01 2.505142857142856894e-01 2.508571428571428341e-01 2.501714285714285446e-01 2.674821428571428350e-01
2.725714285714285756e-01 2.502428571428571558e-01 2.501285714285714223e-01 2.481285714285714206e-01 2.689750000000000196e-01
2.715000000000000191e-01 2.461571428571428521e-01 2.487857142857142767e-01 2.521857142857142908e-01 2.730535714285714510e-01
2.719571428571428418e-01 2.472285714285714364e-01 2.481714285714285706e-01 2.514857142857143124e-01 2.707178571428571212e-01
2.695714285714285730e-01 2.502285714285714113e-01 2.497142857142857220e-01 2.520285714285714351e-01 2.703714285714285959e-01
2.676285714285714379e-01 2.489000000000000101e-01 2.506571428571428561e-01 2.512857142857142789e-01 2.661392857142856894e-01
2.663142857142857256e-01 2.499571428571428500e-01 2.506571428571428561e-01 2.511142857142857343e-01 2.679785714285714548e-01
2.707571428571428629e-01 2.528000000000000247e-01 2.488285714285714267e-01 2.491857142857142882e-01 2.688678571428571584e-01
2.657714285714285474e-01 2.483857142857142930e-01 2.515857142857143014e-01 2.479571428571428482e-01 2.697607142857142981e-01
2.699571428571428400e-01 2.495428571428571496e-01 2.505000000000000004e-01 2.497999999999999943e-01 2.688678571428571584e-01
2.698999999999999733e-01 2.473428571428571421e-01 2.505000000000000004e-01 2.493142857142857105e-01 2.717857142857142971e-01
2.771857142857143130e-01 2.500714285714285556e-01 2.539142857142857035e-01 2.504000000000000115e-01 2.803571428571428603e-01
2.760000000000000231e-01 2.463428571428571412e-01 2.495714285714285829e-01 2.511285714285714232e-01 2.771678571428571325e-01
2.673142857142857265e-01 2.510571428571428676e-01 2.487571428571428434e-01 2.513000000000000234e-01 2.671000000000000041e-01
2.728142857142857314e-01 2.521142857142857352e-01 2.520571428571428685e-01 2.536714285714285477e-01 2.708499999999999797e-01
2.694428571428571506e-01 2.533142857142857141e-01 2.487142857142857211e-01 2.500285714285714334e-01 2.708107142857142935e-01
2.677142857142857379e-01 2.488142857142857101e-01 2.480857142857142983e-01 2.513571428571428346e-01 2.682249999999999912e-01
2.700714285714285734e-01 2.477714285714285591e-01 2.520714285714285574e-01 2.503428571428571447e-01 2.710714285714285743e-01
2.834142857142857297e-01 2.511571428571428566e-01 2.494857142857142829e-01 2.499857142857142833e-01 2.842749999999999999e-01
2.693285714285714172e-01 2.513142857142857123e-01 2.541142857142857370e-01 2.502857142857142780e-01 2.730892857142857011e-01
2.680714285714285716e-01 2.478571428571428592e-01 2.503857142857142670e-01 2.518285714285714016e-01 2.691928571428571226e-01
2.819857142857142840e-01 2.494571428571428495e-01 2.511571428571428566e-01 2.487857142857142767e-01 2.804964285714285910e-01
2.661000000000000032e-01 2.487857142857142767e-01 2.513000000000000234e-01 2.501571428571428557e-01 2.671071428571428763e-01
2.787857142857143034e-01 2.499000000000000110e-01 2.497714285714285609e-01 2.497285714285714386e-01 2.770607142857142713e-01
2.722857142857142976e-01 2.522285714285714131e-01 2.488857142857142934e-01 2.494428571428571328e-01 2.715785714285714469e-01
2.713285714285714190e-01 2.560142857142856943e-01 2.488142857142857101e-01 2.514285714285714457e-01 2.709892857142857103e-01
2.810000000000000275e-01 2.478714285714285759e-01 2.502285714285714113e-01 2.521999999999999797e-01 2.765821428571428320e-01
2.716285714285714414e-01 2.487142857142857211e-01 2.489571428571428491e-01 2.505142857142856894e-01 2.687571428571428611e-01
2.695714285714285730e-01 2.485714285714285821e-01 2.491142857142857048e-01 2.511285714285714232e-01 2.696000000000000063e-01
2.803285714285714270e-01 2.506428571428571672e-01 2.476857142857142868e-01 2.492142857142857215e-01 2.787607142857143061e-01
2.705142857142857071e-01 2.509285714285714453e-01 2.490857142857142992e-01 2.506714285714285451e-01 2.705250000000000155e-01
2.660714285714285698e-01 2.521999999999999797e-01 2.515285714285714347e-01 2.470428571428571474e-01 2.702321428571428652e-01
2.708714285714285963e-01 2.483142857142857096e-01 2.500142857142856889e-01 2.492571428571428438e-01 2.693928571428571561e-01
2.670142857142857040e-01 2.484999999999999987e-01 2.524571428571428799e-01 2.504142857142857004e-01 2.687571428571428611e-01
2.811714285714285722e-01 2.475142857142857145e-01 2.524571428571428799e-01 2.476571428571428535e-01 2.802392857142856908e-01
2.697999999999999843e-01 2.482999999999999929e-01 2.489285714285714157e-01 2.488714285714285768e-01 2.718107142857142944e-01
2.736142857142856988e-01 2.488285714285714267e-01 2.495571428571428663e-01 2.501857142857142891e-01 2.749607142857142805e-01
2.688142857142857278e-01 2.507285714285714118e-01 2.480142857142857149e-01 2.488714285714285768e-01 2.670357142857142652e-01
2.722428571428571198e-01 2.533000000000000251e-01 2.490714285714285825e-01 2.484285714285714153e-01 2.718464285714285444e-01
2.619285714285714550e-01 2.488285714285714267e-01 2.494000000000000106e-01 2.509142857142857008e-01 2.649714285714285800e-01
2.689142857142857168e-01 2.525285714285714356e-01 2.515142857142856903e-01 2.503285714285714558e-01 2.698535714285714149e-01
2.700000000000000178e-01 2.523000000000000242e-01 2.519571428571428795e-01 2.456857142857142851e-01 2.672214285714285542e-01
2.661999999999999922e-01 2.510714285714285565e-01 2.500285714285714334e-01 2.492285714285714382e-01 2.671999999999999931e-01
2.661142857142856921e-01 2.502857142857142780e-01 2.500428571428571223e-01 2.494000000000000106e-01 2.665428571428571369e-01
2.660571428571428809e-01 2.481285714285714206e-01 2.504428571428571337e-01 2.506428571428571672e-01 2.668892857142857178e-01
2.731857142857143095e-01 2.501142857142857334e-01 2.490857142857142992e-01 2.500571428571428667e-01 2.718285714285714194e-01
2.706000000000000072e-01 2.490428571428571491e-01 2.460428571428571465e-01 2.516571428571428570e-01 2.700428571428571400e-01
2.721000000000000085e-01 2.484000000000000097e-01 2.498714285714285777e-01 2.498714285714285777e-01 2.758785714285714175e-01
2.651857142857143024e-01 2.511857142857142899e-01 2.501285714285714223e-01 2.498714285714285777e-01 2.641000000000000014e-01
2.780285714285714027e-01 2.498714285714285777e-01 2.497571428571428442e-01 2.500857142857143001e-01 2.796107142857142680e-01
2.702999999999999847e-01 2.487142857142857211e-01 2.485285714285714320e-01 2.535142857142856920e-01 2.738749999999999796e-01
2.651714285714285579e-01 2.481285714285714206e-01 2.528428571428571470e-01 2.522857142857142798e-01 2.663571428571428479e-01
2.766285714285714459e-01 2.506428571428571672e-01 2.527428571428571580e-01 2.537285714285714144e-01 2.772571428571428687e-01
2.651000000000000023e-01 2.482000000000000040e-01 2.502714285714285891e-01 2.496142857142857052e-01 2.668607142857142844e-01
2.703285714285714181e-01 2.504714285714285671e-01 2.477857142857142758e-01 2.485714285714285821e-01 2.733178571428571679e-01
2.637714285714285456e-01 2.494285714285714162e-01 2.506571428571428561e-01 2.483142857142857096e-01 2.671428571428571264e-01
2.774142857142857244e-01 2.496142857142857052e-01 2.487714285714285600e-01 2.489142857142857268e-01 2.747035714285714358e-01
2.777999999999999914e-01 2.482714285714285596e-01 2.496142857142857052e-01 2.481857142857142873e-01 2.762071428571428733e-01
2.764571428571428457e-01 2.486714285714285710e-01 2.525714285714285579e-01 2.497857142857142776e-01 2.768999999999999795e-01
2.707142857142857406e-01 2.498714285714285777e-01 2.475285714285714311e-01 2.508428571428571452e-01 2.732249999999999956e-01
2.687142857142857388e-01 2.513000000000000234e-01 2.514285714285714457e-01 2.488285714285714267e-01 2.712142857142857411e-01
2.647571428571428576e-01 2.518857142857142684e-01 2.511142857142857343e-01 2.500714285714285556e-01 2.665821428571428786e-01
2.682571428571428607e-01 2.511999999999999789e-01 2.478142857142857092e-01 2.508428571428571452e-01 2.720285714285714529e-01
