7.284000000000000474e-01 4.358000000000000207e-01 3.232999999999999763e-01 2.797000000000000042e-01 7.188250000000000473e-01
7.100999999999999535e-01 4.227000000000000202e-01 3.170000000000000040e-01 2.742999999999999883e-01 7.106999999999999984e-01
7.348999999999999977e-01 4.477999999999999758e-01 3.311999999999999944e-01 2.851000000000000201e-01 7.294500000000000428e-01
6.974000000000000199e-01 4.174999999999999822e-01 3.057000000000000273e-01 2.805000000000000271e-01 7.029750000000000165e-01
7.377000000000000224e-01 4.613999999999999768e-01 3.375000000000000222e-01 2.945999999999999730e-01 7.433750000000000080e-01
7.275000000000000355e-01 4.410000000000000031e-01 3.309000000000000274e-01 2.862000000000000099e-01 7.328999999999999959e-01
7.078999999999999737e-01 4.217000000000000193e-01 3.028000000000000136e-01 2.687999999999999834e-01 7.083749999999999769e-01
6.978999999999999648e-01 4.189999999999999836e-01 3.185000000000000053e-01 2.670000000000000151e-01 7.054249999999999687e-01
7.141999999999999460e-01 4.104999999999999760e-01 3.038000000000000145e-01 2.726000000000000090e-01 7.144500000000000295e-01
7.204000000000000403e-01 4.383000000000000229e-01 3.239000000000000212e-01 2.889999999999999791e-01 7.211499999999999577e-01
7.140999999999999570e-01 4.194999999999999840e-01 3.187999999999999723e-01 2.720000000000000195e-01 7.037999999999999812e-01
7.261999999999999567e-01 4.467999999999999750e-01 3.301999999999999935e-01 2.800000000000000266e-01 7.288999999999999924e-01
7.042000000000000481e-01 4.153999999999999915e-01 3.194000000000000172e-01 2.767999999999999905e-01 7.077250000000000485e-01
7.079999999999999627e-01 4.208999999999999964e-01 3.166999999999999815e-01 2.767999999999999905e-01 7.053500000000000325e-01
7.108999999999999764e-01 4.205999999999999739e-01 3.130999999999999894e-01 2.727999999999999869e-01 7.088499999999999801e-01
7.288999999999999924e-01 4.393000000000000238e-01 3.269000000000000239e-01 2.780000000000000249e-01 7.221499999999999586e-01
6.752000000000000224e-01 3.803000000000000269e-01 2.982000000000000206e-01 2.647999999999999798e-01 6.742000000000000215e-01
7.402999999999999581e-01 4.536000000000000032e-01 3.355000000000000204e-01 2.973999999999999977e-01 7.349250000000000504e-01
7.406000000000000361e-01 4.663999999999999813e-01 3.447999999999999954e-01 2.863999999999999879e-01 7.371750000000000247e-01
7.266000000000000236e-01 4.506000000000000005e-01 3.312999999999999834e-01 2.797000000000000042e-01 7.267500000000000071e-01
6.945000000000000062e-01 4.056000000000000161e-01 3.024999999999999911e-01 2.770000000000000240e-01 6.951749999999999874e-01
7.319999999999999840e-01 4.514000000000000234e-01 3.351999999999999980e-01 2.832000000000000073e-01 7.360750000000000348e-01
6.976999999999999869e-01 4.167000000000000148e-01 3.083000000000000185e-01 2.636999999999999900e-01 7.035249999999999559e-01
7.175000000000000266e-01 4.309999999999999942e-01 3.200999999999999956e-01 2.706000000000000072e-01 7.149999999999999689e-01
7.291999999999999593e-01 4.434000000000000163e-01 3.245999999999999996e-01 2.710000000000000187e-01 7.210250000000000270e-01
7.221999999999999531e-01 4.466999999999999860e-01 3.234000000000000208e-01 2.800000000000000266e-01 7.241499999999999604e-01
7.107999999999999874e-01 4.250999999999999779e-01 3.150999999999999912e-01 2.731000000000000094e-01 7.038499999999999757e-01
7.285000000000000364e-01 4.479000000000000203e-01 3.408999999999999808e-01 2.863999999999999879e-01 7.314249999999999918e-01
7.346000000000000307e-01 4.504000000000000226e-01 3.323999999999999733e-01 2.857999999999999985e-01 7.366249999999999742e-01
7.338999999999999968e-01 4.474000000000000199e-01 3.373999999999999777e-01 2.828999999999999848e-01 7.330499999999999794e-01
7.156000000000000139e-01 4.302000000000000268e-01 3.110999999999999877e-01 2.725000000000000200e-01 7.156249999999999556e-01
7.312999999999999501e-01 4.464000000000000190e-01 3.277999999999999803e-01 2.894999999999999796e-01 7.305749999999999744e-01
7.369999999999999885e-01 4.537999999999999812e-01 3.371000000000000107e-01 2.849999999999999756e-01 7.246000000000000218e-01
7.211999999999999522e-01 4.410000000000000031e-01 3.236999999999999877e-01 2.733999999999999764e-01 7.209750000000000325e-01
7.507000000000000339e-01 4.791000000000000258e-01 3.484999999999999765e-01 2.882000000000000117e-01 7.481750000000000345e-01
7.386000000000000343e-01 4.545000000000000151e-01 3.291000000000000036e-01 2.806000000000000161e-01 7.370750000000000357e-01
7.450999999999999845e-01 4.511000000000000010e-01 3.426000000000000156e-01 2.888999999999999901e-01 7.398000000000000131e-01
7.106000000000000094e-01 4.219999999999999862e-01 3.109999999999999987e-01 2.788999999999999813e-01 7.103249999999999842e-01
7.199999999999999734e-01 4.354000000000000092e-01 3.168000000000000260e-01 2.812999999999999945e-01 7.160999999999999588e-01
7.206000000000000183e-01 4.330999999999999850e-01 3.199000000000000177e-01 2.857000000000000095e-01 7.139499999999999735e-01
7.219999999999999751e-01 4.309999999999999942e-01 3.153000000000000247e-01 2.711000000000000076e-01 7.175500000000000211e-01
7.165000000000000258e-01 4.253000000000000114e-01 3.185999999999999943e-01 2.810000000000000275e-01 7.159999999999999698e-01
7.077999999999999847e-01 4.228000000000000091e-01 3.164000000000000146e-01 2.716999999999999971e-01 7.070750000000000091e-01
7.026999999999999913e-01 4.183000000000000052e-01 3.121999999999999775e-01 2.746000000000000107e-01 7.075500000000000123e-01
7.139999999999999680e-01 4.346999999999999753e-01 3.170999999999999930e-01 2.715000000000000191e-01 7.147999999999999909e-01
7.140999999999999570e-01 4.259999999999999898e-01 3.104000000000000092e-01 2.700000000000000178e-01 7.086500000000000021e-01
7.228999999999999870e-01 4.309999999999999942e-01 3.153000000000000247e-01 2.864999999999999769e-01 7.161750000000000060e-01
7.158999999999999808e-01 4.278000000000000136e-01 3.256000000000000005e-01 2.841000000000000192e-01 7.205500000000000238e-01
7.391999999999999682e-01 4.678999999999999826e-01 3.361000000000000099e-01 2.862999999999999989e-01 7.427500000000000213e-01
7.368999999999999995e-01 4.509000000000000230e-01 3.320000000000000173e-01 2.792999999999999927e-01 7.354749999999999899e-01
7.170999999999999597e-01 4.103999999999999870e-01 3.134000000000000119e-01 2.691999999999999948e-01 7.016499999999999959e-01
7.239999999999999769e-01 4.336999999999999744e-01 3.210000000000000075e-01 2.806000000000000161e-01 7.196749999999999536e-01
7.178999999999999826e-01 4.279999999999999916e-01 3.136999999999999789e-01 2.767000000000000015e-01 7.118999999999999773e-01
7.099999999999999645e-01 4.223000000000000087e-01 3.210000000000000075e-01 2.702999999999999847e-01 7.106749999999999456e-01
7.115000000000000213e-01 4.213000000000000078e-01 3.128000000000000225e-01 2.817999999999999949e-01 7.154249999999999776e-01
7.549000000000000155e-01 4.707000000000000073e-01 3.526000000000000245e-01 2.923000000000000043e-01 7.575749999999999984e-01
7.308000000000000052e-01 4.418000000000000260e-01 3.301000000000000045e-01 2.817999999999999949e-01 7.230750000000000233e-01
7.052000000000000490e-01 4.224999999999999867e-01 3.285000000000000142e-01 2.757999999999999896e-01 7.113249999999999851e-01
7.488000000000000211e-01 4.626000000000000112e-01 3.366999999999999993e-01 2.916000000000000258e-01 7.417500000000000204e-01
7.017999999999999794e-01 4.242000000000000215e-01 3.034000000000000030e-01 2.839999999999999747e-01 7.037499999999999867e-01
7.399000000000000021e-01 4.590000000000000191e-01 3.371000000000000107e-01 2.944999999999999840e-01 7.403250000000000108e-01
7.298999999999999932e-01 4.328000000000000180e-01 3.237999999999999767e-01 2.748999999999999777e-01 7.218750000000000444e-01
7.116999999999999993e-01 4.315999999999999837e-01 3.215999999999999970e-01 2.802999999999999936e-01 7.241999999999999549e-01
7.371999999999999664e-01 4.560000000000000164e-01 3.372999999999999887e-01 2.867000000000000104e-01 7.263249999999999984e-01
7.102000000000000535e-01 4.249999999999999889e-01 3.164000000000000146e-01 2.741000000000000103e-01 7.165000000000000258e-01
7.137999999999999901e-01 4.282000000000000250e-01 3.160999999999999921e-01 2.738999999999999768e-01 7.119250000000000300e-01
7.386000000000000343e-01 4.641000000000000125e-01 3.337999999999999856e-01 2.871000000000000218e-01 7.389000000000000012e-01
7.161999999999999478e-01 4.238999999999999990e-01 3.331999999999999962e-01 2.805000000000000271e-01 7.157750000000000501e-01
7.250999999999999668e-01 4.375999999999999890e-01 3.155000000000000027e-01 2.803999999999999826e-01 7.184249999999999803e-01
7.173000000000000487e-01 4.269999999999999907e-01 3.186999999999999833e-01 2.761000000000000121e-01 7.154249999999999776e-01
7.054000000000000270e-01 4.205999999999999739e-01 3.116999999999999771e-01 2.771000000000000130e-01 7.091749999999999998e-01
7.502999999999999670e-01 4.573999999999999733e-01 3.509999999999999787e-01 2.844999999999999751e-01 7.401250000000000329e-01
7.302999999999999492e-01 4.264999999999999902e-01 3.234000000000000208e-01 2.767999999999999905e-01 7.218999999999999861e-01
7.288999999999999924e-01 4.455999999999999961e-01 3.215999999999999970e-01 2.772000000000000020e-01 7.296500000000000208e-01
7.105000000000000204e-01 4.167000000000000148e-01 3.154000000000000137e-01 2.730000000000000204e-01 7.038750000000000284e-01
7.280999999999999694e-01 4.375000000000000000e-01 3.256000000000000005e-01 2.837000000000000077e-01 7.217249999999999499e-01
6.939999999999999503e-01 4.202000000000000179e-01 3.099000000000000088e-01 2.649000000000000243e-01 7.026750000000000496e-01
7.070999999999999508e-01 4.255999999999999783e-01 3.161999999999999811e-01 2.768999999999999795e-01 7.105000000000000204e-01
7.036000000000000032e-01 4.163999999999999924e-01 3.085999999999999854e-01 2.624000000000000221e-01 7.098250000000000393e-01
7.077999999999999847e-01 4.076000000000000179e-01 3.145999999999999908e-01 2.647999999999999798e-01 7.057499999999999885e-01
7.056000000000000050e-01 4.127000000000000113e-01 3.123000000000000220e-01 2.661000000000000032e-01 7.027750000000000385e-01
7.086999999999999966e-01 4.207000000000000184e-01 3.089000000000000079e-01 2.796000000000000152e-01 7.120499999999999607e-01
7.139999999999999680e-01 4.452999999999999736e-01 3.261000000000000010e-01 2.884999999999999787e-01 7.258250000000000535e-01
7.136000000000000121e-01 4.299999999999999933e-01 3.180999999999999939e-01 2.831000000000000183e-01 7.146749999999999492e-01
7.350999999999999757e-01 4.469000000000000195e-01 3.295000000000000151e-01 2.874999999999999778e-01 7.304749999999999854e-01
7.097999999999999865e-01 4.109999999999999765e-01 3.105999999999999872e-01 2.637999999999999790e-01 6.994749999999999579e-01
7.429999999999999938e-01 4.665000000000000258e-01 3.407000000000000028e-01 2.884999999999999787e-01 7.399000000000000021e-01
7.254000000000000448e-01 4.494000000000000217e-01 3.225000000000000089e-01 2.853999999999999870e-01 7.251999999999999558e-01
7.063000000000000389e-01 4.128999999999999893e-01 3.069999999999999951e-01 2.766000000000000125e-01 7.058499999999999774e-01
7.329999999999999849e-01 4.425999999999999934e-01 3.411000000000000143e-01 2.938999999999999946e-01 7.355249999999999844e-01
7.161999999999999478e-01 4.225999999999999757e-01 3.119999999999999996e-01 2.765000000000000235e-01 7.091499999999999471e-01
7.330999999999999739e-01 4.460000000000000075e-01 3.287999999999999812e-01 2.843999999999999861e-01 7.206249999999999600e-01
7.036000000000000032e-01 4.187000000000000166e-01 3.165999999999999925e-01 2.785000000000000253e-01 7.032749999999999835e-01
7.350999999999999757e-01 4.428000000000000269e-01 3.286999999999999922e-01 2.827999999999999958e-01 7.328750000000000542e-01
7.277000000000000135e-01 4.444000000000000172e-01 3.457000000000000073e-01 2.796000000000000152e-01 7.327500000000000124e-01
7.304000000000000492e-01 4.568999999999999728e-01 3.249000000000000221e-01 2.822999999999999954e-01 7.356000000000000316e-01
7.292999999999999483e-01 4.340999999999999859e-01 3.306000000000000050e-01 2.807000000000000051e-01 7.275500000000000300e-01
7.255000000000000338e-01 4.328000000000000180e-01 3.207999999999999741e-01 2.843999999999999861e-01 7.165749999999999620e-01
7.228999999999999870e-01 4.252000000000000224e-01 2.997000000000000219e-01 2.748999999999999777e-01 7.092249999999999943e-01
7.183000000000000496e-01 4.491999999999999882e-01 3.168000000000000260e-01 2.770000000000000240e-01 7.187249999999999472e-01
