2.532375000000000043e-01 2.532447916666666909e-01
2.532749999999999724e-01 2.530083333333333351e-01
2.535541666666666916e-01 2.536260416666666906e-01
2.559208333333333196e-01 2.548677083333333315e-01
2.527666666666666395e-01 2.533916666666666817e-01
2.540166666666666684e-01 2.530989583333333459e-01
2.504041666666666499e-01 2.514000000000000123e-01
2.544041666666666535e-01 2.555218750000000094e-01
2.531999999999999806e-01 2.532385416666666500e-01
2.537708333333333344e-01 2.542854166666666527e-01
2.539041666666666530e-01 2.533843749999999950e-01
2.537083333333333135e-01 2.535406250000000195e-01
2.570000000000000062e-01 2.558687499999999782e-01
2.556541666666666823e-01 2.546437500000000020e-01
2.579500000000000126e-01 2.567645833333333516e-01
2.534000000000000141e-01 2.545583333333333309e-01
2.550416666666666665e-01 2.543874999999999886e-01
2.532125000000000070e-01 2.545395833333333191e-01
2.573458333333333292e-01 2.567937499999999873e-01
2.555000000000000049e-01 2.556875000000000120e-01
2.514750000000000041e-01 2.525572916666666834e-01
2.536791666666666778e-01 2.527458333333333362e-01
2.536541666666666806e-01 2.533781250000000096e-01
2.558250000000000246e-01 2.544874999999999776e-01
2.541166666666666574e-01 2.533302083333333066e-01
2.553750000000000187e-01 2.551052083333333331e-01
2.568291666666666639e-01 2.562895833333333484e-01
2.524500000000000077e-01 2.519177083333333234e-01
2.521916666666666473e-01 2.520114583333333269e-01
2.554374999999999840e-01 2.543291666666666617e-01
2.531916666666666482e-01 2.534979166666666561e-01
2.520208333333333606e-01 2.521593750000000189e-01
2.529374999999999818e-01 2.545250000000000012e-01
2.527166666666666450e-01 2.526135416666666633e-01
2.535250000000000004e-01 2.551062499999999789e-01
2.503208333333333258e-01 2.514895833333333219e-01
2.550208333333333077e-01 2.529156249999999773e-01
2.530749999999999944e-01 2.517093750000000130e-01
2.533374999999999932e-01 2.533802083333333566e-01
2.541583333333333194e-01 2.530572916666666838e-01
2.541541666666666810e-01 2.530239583333333542e-01
2.531083333333333241e-01 2.534708333333333119e-01
2.548874999999999891e-01 2.547520833333333234e-01
2.534124999999999850e-01 2.532270833333333249e-01
2.518208333333333271e-01 2.543552083333333602e-01
2.549916666666666720e-01 2.558437499999999809e-01
2.565916666666666623e-01 2.560458333333333059e-01
2.543000000000000260e-01 2.558145833333333452e-01
2.541249999999999898e-01 2.529708333333333115e-01
2.559166666666666812e-01 2.566093749999999729e-01
2.543000000000000260e-01 2.543260416666666690e-01
2.519791666666666430e-01 2.523624999999999896e-01
2.562375000000000069e-01 2.563302083333333092e-01
2.529291666666666494e-01 2.542666666666666409e-01
2.559624999999999817e-01 2.546010416666666942e-01
2.542625000000000024e-01 2.546010416666666942e-01
2.537333333333333107e-01 2.546562499999999729e-01
2.577499999999999791e-01 2.573916666666666853e-01
2.537166666666666459e-01 2.529083333333333461e-01
2.500333333333333297e-01 2.519583333333333397e-01
2.512833333333333585e-01 2.510489583333333496e-01
2.540916666666666601e-01 2.538968750000000218e-01
2.522375000000000034e-01 2.508343749999999983e-01
2.542583333333333084e-01 2.516479166666666933e-01
2.517291666666666705e-01 2.530520833333333441e-01
2.541166666666666574e-01 2.541822916666666710e-01
2.539874999999999772e-01 2.540947916666666528e-01
2.542749999999999733e-01 2.551510416666666892e-01
2.511083333333333223e-01 2.523187499999999805e-01
2.519166666666666776e-01 2.522333333333333094e-01
2.519374999999999809e-01 2.530979166666666447e-01
2.533291666666666608e-01 2.534458333333333147e-01
2.522874999999999979e-01 2.521770833333333295e-01
2.521499999999999853e-01 2.527260416666666787e-01
2.526083333333333236e-01 2.515312499999999840e-01
2.503416666666666845e-01 2.522031249999999725e-01
2.560625000000000262e-01 2.547968749999999782e-01
2.518708333333333216e-01 2.523156249999999878e-01
2.537625000000000020e-01 2.535906250000000139e-01
2.532083333333333131e-01 2.526583333333333181e-01
2.541291666666666837e-01 2.533447916666666799e-01
2.553916666666666835e-01 2.548250000000000237e-01
2.541041666666666865e-01 2.551020833333333404e-01
2.518083333333333562e-01 2.531968749999999879e-01
2.562291666666666745e-01 2.563083333333333602e-01
2.530625000000000235e-01 2.542520833333333230e-01
2.523541666666666572e-01 2.522750000000000270e-01
2.536041666666666861e-01 2.528208333333333280e-01
2.537458333333333371e-01 2.529406249999999745e-01
2.541208333333333513e-01 2.534593749999999868e-01
2.521083333333333232e-01 2.511656250000000035e-01
2.535625000000000240e-01 2.520572916666666829e-01
2.537249999999999783e-01 2.523041666666666627e-01
2.555000000000000049e-01 2.562541666666666718e-01
2.525666666666666615e-01 2.523895833333333338e-01
2.550791666666666901e-01 2.552354166666666591e-01
2.530625000000000235e-01 2.529479166666666612e-01
2.571541666666666837e-01 2.573145833333333465e-01
2.554416666666666780e-01 2.554927083333333182e-01
2.518833333333333480e-01 2.513697916666666754e-01
