6.274499999999999522e-01 3.461500000000000132e-01 2.721500000000000030e-01 2.566999999999999837e-01 6.246500000000000385e-01
6.089499999999999913e-01 3.325000000000000178e-01 2.694500000000000228e-01 2.499500000000000055e-01 6.091625000000000512e-01
6.321999999999999842e-01 3.469999999999999751e-01 2.780500000000000194e-01 2.572999999999999732e-01 6.353750000000000231e-01
5.961499999999999577e-01 3.299500000000000210e-01 2.669500000000000206e-01 2.564500000000000113e-01 5.998124999999999707e-01
6.448000000000000398e-01 3.676499999999999768e-01 2.780000000000000249e-01 2.605999999999999983e-01 6.481000000000000094e-01
6.328500000000000236e-01 3.629000000000000004e-01 2.707999999999999852e-01 2.606999999999999873e-01 6.356749999999999901e-01
6.088999999999999968e-01 3.393499999999999850e-01 2.713999999999999746e-01 2.525000000000000022e-01 6.086375000000000535e-01
6.052999999999999492e-01 3.263499999999999734e-01 2.717999999999999861e-01 2.530000000000000027e-01 6.042499999999999538e-01
6.125500000000000389e-01 3.343499999999999805e-01 2.695500000000000118e-01 2.590000000000000080e-01 6.122374999999999901e-01
6.226000000000000423e-01 3.427499999999999991e-01 2.772000000000000020e-01 2.558000000000000274e-01 6.204874999999999696e-01
5.952499999999999458e-01 3.345500000000000140e-01 2.723999999999999755e-01 2.510000000000000009e-01 6.052999999999999492e-01
6.373999999999999666e-01 3.522500000000000075e-01 2.698999999999999733e-01 2.529000000000000137e-01 6.327374999999999527e-01
6.054000000000000492e-01 3.286999999999999922e-01 2.655000000000000138e-01 2.489000000000000101e-01 6.041750000000000176e-01
6.052999999999999492e-01 3.321000000000000063e-01 2.632999999999999785e-01 2.550999999999999934e-01 6.037749999999999506e-01
6.114000000000000545e-01 3.287999999999999812e-01 2.677999999999999825e-01 2.544000000000000150e-01 6.149375000000000258e-01
6.296000000000000485e-01 3.442000000000000060e-01 2.702499999999999902e-01 2.525999999999999912e-01 6.264625000000000332e-01
5.564500000000000002e-01 3.071999999999999731e-01 2.563500000000000223e-01 2.511499999999999844e-01 5.628625000000000433e-01
6.434999999999999609e-01 3.523000000000000020e-01 2.758999999999999786e-01 2.570999999999999952e-01 6.384750000000000147e-01
6.490500000000000158e-01 3.589999999999999858e-01 2.863999999999999879e-01 2.609000000000000208e-01 6.443250000000000366e-01
6.281499999999999861e-01 3.461500000000000132e-01 2.775000000000000244e-01 2.594000000000000195e-01 6.279500000000000082e-01
5.942499999999999449e-01 3.309500000000000219e-01 2.697999999999999843e-01 2.565500000000000003e-01 5.917499999999999982e-01
6.361999999999999877e-01 3.546000000000000263e-01 2.828999999999999848e-01 2.625000000000000111e-01 6.402875000000000094e-01
6.029999999999999805e-01 3.205999999999999961e-01 2.692499999999999893e-01 2.535999999999999921e-01 6.062125000000000430e-01
6.170999999999999819e-01 3.422499999999999987e-01 2.701000000000000068e-01 2.534000000000000141e-01 6.187749999999999639e-01
6.253999999999999559e-01 3.388999999999999790e-01 2.707999999999999852e-01 2.533500000000000196e-01 6.262999999999999678e-01
6.356000000000000538e-01 3.467999999999999972e-01 2.777000000000000024e-01 2.520999999999999908e-01 6.268624999999999892e-01
6.078000000000000069e-01 3.391000000000000125e-01 2.695500000000000118e-01 2.535999999999999921e-01 6.092499999999999583e-01
6.342999999999999750e-01 3.508000000000000007e-01 2.737999999999999878e-01 2.587499999999999800e-01 6.367374999999999563e-01
6.431499999999999995e-01 3.573000000000000065e-01 2.793999999999999817e-01 2.550499999999999989e-01 6.415499999999999536e-01
6.348500000000000254e-01 3.525499999999999745e-01 2.757999999999999896e-01 2.546499999999999875e-01 6.362124999999999586e-01
6.150499999999999856e-01 3.420000000000000262e-01 2.737999999999999878e-01 2.518500000000000183e-01 6.206749999999999767e-01
6.394999999999999574e-01 3.614999999999999880e-01 2.782499999999999973e-01 2.567499999999999782e-01 6.378374999999999462e-01
6.383999999999999675e-01 3.457500000000000018e-01 2.772499999999999964e-01 2.601999999999999869e-01 6.352124999999999577e-01
6.213499999999999579e-01 3.433999999999999830e-01 2.801000000000000156e-01 2.520999999999999908e-01 6.247500000000000275e-01
6.599500000000000366e-01 3.673500000000000099e-01 2.869999999999999774e-01 2.607499999999999818e-01 6.549249999999999794e-01
6.445499999999999563e-01 3.553499999999999992e-01 2.861000000000000210e-01 2.587999999999999745e-01 6.419124999999999970e-01
6.524499999999999744e-01 3.641499999999999737e-01 2.836500000000000132e-01 2.617499999999999827e-01 6.500124999999999931e-01
6.091499999999999693e-01 3.326500000000000012e-01 2.676499999999999990e-01 2.485499999999999932e-01 6.090375000000000094e-01
6.200999999999999845e-01 3.341000000000000081e-01 2.728999999999999759e-01 2.540499999999999980e-01 6.173874999999999780e-01
6.254499999999999504e-01 3.416500000000000092e-01 2.709500000000000242e-01 2.610000000000000098e-01 6.236625000000000085e-01
6.239999999999999991e-01 3.428999999999999826e-01 2.670000000000000151e-01 2.581499999999999906e-01 6.238624999999999865e-01
6.179000000000000048e-01 3.331999999999999962e-01 2.684000000000000274e-01 2.562499999999999778e-01 6.143874999999999753e-01
6.096000000000000307e-01 3.262499999999999845e-01 2.661999999999999922e-01 2.530999999999999917e-01 6.053500000000000547e-01
6.075000000000000400e-01 3.284000000000000252e-01 2.708999999999999742e-01 2.602499999999999813e-01 6.069250000000000478e-01
6.149999999999999911e-01 3.395500000000000185e-01 2.670500000000000096e-01 2.521999999999999797e-01 6.167249999999999677e-01
6.127500000000000169e-01 3.347499999999999920e-01 2.725000000000000200e-01 2.528500000000000192e-01 6.180499999999999883e-01
6.116000000000000325e-01 3.396500000000000075e-01 2.698999999999999733e-01 2.546999999999999820e-01 6.167749999999999622e-01
6.177500000000000213e-01 3.394499999999999740e-01 2.713999999999999746e-01 2.517499999999999738e-01 6.206625000000000059e-01
6.452499999999999902e-01 3.634999999999999898e-01 2.824499999999999789e-01 2.634000000000000230e-01 6.488249999999999851e-01
6.419000000000000261e-01 3.533000000000000029e-01 2.827999999999999958e-01 2.649500000000000188e-01 6.408125000000000071e-01
6.035500000000000309e-01 3.296000000000000041e-01 2.736999999999999988e-01 2.490499999999999936e-01 6.042125000000000412e-01
6.133499999999999508e-01 3.417999999999999927e-01 2.697999999999999843e-01 2.581999999999999851e-01 6.168124999999999858e-01
6.125000000000000444e-01 3.366000000000000103e-01 2.733499999999999819e-01 2.553500000000000214e-01 6.133874999999999744e-01
6.169000000000000039e-01 3.366500000000000048e-01 2.727999999999999869e-01 2.550999999999999934e-01 6.062874999999999792e-01
6.149999999999999911e-01 3.306499999999999995e-01 2.705000000000000182e-01 2.588500000000000245e-01 6.153499999999999526e-01
6.605499999999999705e-01 3.713000000000000189e-01 2.879999999999999782e-01 2.599500000000000144e-01 6.605750000000000233e-01
6.186000000000000387e-01 3.447999999999999954e-01 2.763499999999999845e-01 2.511999999999999789e-01 6.281875000000000098e-01
6.156000000000000361e-01 3.363999999999999768e-01 2.679500000000000215e-01 2.523000000000000242e-01 6.142999999999999572e-01
6.483499999999999819e-01 3.675999999999999823e-01 2.812999999999999945e-01 2.618500000000000272e-01 6.500624999999999876e-01
6.059999999999999831e-01 3.313999999999999724e-01 2.700500000000000123e-01 2.517499999999999738e-01 6.015875000000000528e-01
6.429500000000000215e-01 3.517500000000000071e-01 2.802999999999999936e-01 2.540000000000000036e-01 6.445999999999999508e-01
6.280499999999999972e-01 3.462999999999999967e-01 2.706999999999999962e-01 2.528000000000000247e-01 6.243874999999999842e-01
6.183999999999999497e-01 3.407000000000000028e-01 2.726000000000000090e-01 2.541999999999999815e-01 6.206874999999999476e-01
6.356500000000000483e-01 3.502000000000000113e-01 2.742499999999999938e-01 2.573500000000000232e-01 6.387500000000000400e-01
6.100499999999999812e-01 3.352499999999999925e-01 2.725000000000000200e-01 2.629500000000000171e-01 6.129250000000000531e-01
6.155000000000000471e-01 3.357999999999999874e-01 2.724500000000000255e-01 2.540000000000000036e-01 6.101250000000000284e-01
6.458000000000000407e-01 3.513499999999999956e-01 2.759499999999999731e-01 2.565500000000000003e-01 6.436500000000000554e-01
6.151999999999999691e-01 3.369500000000000273e-01 2.670000000000000151e-01 2.579500000000000126e-01 6.127124999999999932e-01
6.154500000000000526e-01 3.393499999999999850e-01 2.721000000000000085e-01 2.606999999999999873e-01 6.190375000000000183e-01
6.188000000000000167e-01 3.359500000000000264e-01 2.762000000000000011e-01 2.558500000000000218e-01 6.177000000000000268e-01
6.108999999999999986e-01 3.329500000000000237e-01 2.710500000000000131e-01 2.523000000000000242e-01 6.093250000000000055e-01
6.427500000000000435e-01 3.602500000000000147e-01 2.832999999999999963e-01 2.584500000000000131e-01 6.456874999999999698e-01
6.173999999999999488e-01 3.381500000000000061e-01 2.747999999999999887e-01 2.570500000000000007e-01 6.250124999999999709e-01
6.337500000000000355e-01 3.536000000000000254e-01 2.796000000000000152e-01 2.511499999999999844e-01 6.352750000000000341e-01
6.052999999999999492e-01 3.241499999999999937e-01 2.709500000000000242e-01 2.544500000000000095e-01 6.044749999999999845e-01
6.183499999999999552e-01 3.437999999999999945e-01 2.713499999999999801e-01 2.573500000000000232e-01 6.255249999999999977e-01
6.009999999999999787e-01 3.302499999999999880e-01 2.661999999999999922e-01 2.518000000000000238e-01 5.996375000000000455e-01
6.108500000000000041e-01 3.371999999999999997e-01 2.688499999999999779e-01 2.559500000000000108e-01 6.124374999999999680e-01
6.066000000000000281e-01 3.327499999999999902e-01 2.720000000000000195e-01 2.561999999999999833e-01 6.052625000000000366e-01
6.010999999999999677e-01 3.254500000000000171e-01 2.693499999999999783e-01 2.569000000000000172e-01 6.022125000000000394e-01
6.062999999999999501e-01 3.282499999999999862e-01 2.625000000000000111e-01 2.523500000000000187e-01 6.014874999999999527e-01
6.079999999999999849e-01 3.323999999999999733e-01 2.711999999999999966e-01 2.474999999999999978e-01 6.118375000000000341e-01
6.281999999999999806e-01 3.431500000000000106e-01 2.786000000000000143e-01 2.550000000000000044e-01 6.241875000000000062e-01
6.213999999999999524e-01 3.398999999999999799e-01 2.732999999999999874e-01 2.509500000000000064e-01 6.163750000000000062e-01
6.324999999999999512e-01 3.441500000000000115e-01 2.732999999999999874e-01 2.555499999999999994e-01 6.346125000000000238e-01
6.044500000000000428e-01 3.278499999999999748e-01 2.641499999999999959e-01 2.541499999999999870e-01 5.961625000000000396e-01
6.457500000000000462e-01 3.655499999999999861e-01 2.797999999999999932e-01 2.624000000000000221e-01 6.499500000000000277e-01
6.227500000000000258e-01 3.477999999999999980e-01 2.769499999999999740e-01 2.582499999999999796e-01 6.269249999999999545e-01
6.029999999999999805e-01 3.264500000000000179e-01 2.667499999999999871e-01 2.531499999999999861e-01 6.022625000000000339e-01
6.421000000000000041e-01 3.547500000000000098e-01 2.757499999999999951e-01 2.537499999999999756e-01 6.374625000000000430e-01
6.051999999999999602e-01 3.238500000000000267e-01 2.671499999999999986e-01 2.545999999999999930e-01 6.066000000000000281e-01
6.289500000000000091e-01 3.461500000000000132e-01 2.771000000000000130e-01 2.567999999999999727e-01 6.241499999999999826e-01
6.092499999999999583e-01 3.325000000000000178e-01 2.643499999999999739e-01 2.514500000000000068e-01 6.027124999999999844e-01
6.361999999999999877e-01 3.531500000000000195e-01 2.823499999999999899e-01 2.606999999999999873e-01 6.341499999999999915e-01
6.283999999999999586e-01 3.452999999999999958e-01 2.711500000000000021e-01 2.555000000000000049e-01 6.345374999999999766e-01
6.384499999999999620e-01 3.569999999999999840e-01 2.847500000000000031e-01 2.600000000000000089e-01 6.371999999999999886e-01
6.304999999999999494e-01 3.425500000000000211e-01 2.725500000000000145e-01 2.580000000000000071e-01 6.290624999999999689e-01
6.252999999999999670e-01 3.378499999999999837e-01 2.696999999999999953e-01 2.606999999999999873e-01 6.169499999999999984e-01
6.076500000000000234e-01 3.290500000000000091e-01 2.694500000000000228e-01 2.513500000000000179e-01 6.100875000000000048e-01
6.197000000000000286e-01 3.347499999999999920e-01 2.728499999999999814e-01 2.577499999999999791e-01 6.179624999999999702e-01
