5.141499999999999959e-01 2.787999999999999923e-01 2.531499999999999861e-01 2.464500000000000024e-01 5.138624999999999998e-01
4.963000000000000189e-01 2.803999999999999826e-01 2.537499999999999756e-01 2.510000000000000009e-01 4.923374999999999835e-01
5.212999999999999856e-01 2.900499999999999745e-01 2.474500000000000033e-01 2.524000000000000132e-01 5.233124999999999583e-01
4.857000000000000206e-01 2.780000000000000249e-01 2.521999999999999797e-01 2.500999999999999890e-01 4.909000000000000030e-01
5.420500000000000318e-01 2.926500000000000212e-01 2.548500000000000210e-01 2.562499999999999778e-01 5.374624999999999542e-01
5.279500000000000304e-01 2.870500000000000274e-01 2.544500000000000095e-01 2.526499999999999857e-01 5.269000000000000350e-01
5.039500000000000091e-01 2.787000000000000033e-01 2.519000000000000128e-01 2.566999999999999837e-01 4.978750000000000120e-01
4.889000000000000012e-01 2.772999999999999909e-01 2.543000000000000260e-01 2.568500000000000227e-01 4.948624999999999829e-01
5.033499999999999641e-01 2.827999999999999958e-01 2.503000000000000225e-01 2.489500000000000046e-01 5.043625000000000469e-01
5.170500000000000096e-01 2.857999999999999985e-01 2.540999999999999925e-01 2.501499999999999835e-01 5.115750000000000020e-01
4.991499999999999826e-01 2.737499999999999933e-01 2.538000000000000256e-01 2.453500000000000125e-01 4.944000000000000061e-01
5.244999999999999662e-01 2.836000000000000187e-01 2.582999999999999741e-01 2.498499999999999888e-01 5.226750000000000007e-01
5.016000000000000458e-01 2.790500000000000203e-01 2.541499999999999870e-01 2.536499999999999866e-01 4.925249999999999906e-01
4.897000000000000242e-01 2.741999999999999993e-01 2.516999999999999793e-01 2.583500000000000241e-01 4.947124999999999995e-01
5.009000000000000119e-01 2.763999999999999790e-01 2.517499999999999738e-01 2.555999999999999939e-01 4.994750000000000023e-01
5.174499999999999655e-01 2.857500000000000040e-01 2.598500000000000254e-01 2.560499999999999998e-01 5.170124999999999860e-01
4.510500000000000065e-01 2.635500000000000065e-01 2.486500000000000099e-01 2.524500000000000077e-01 4.557749999999999857e-01
5.293499999999999872e-01 2.898499999999999965e-01 2.561999999999999833e-01 2.509500000000000064e-01 5.289249999999999785e-01
5.351500000000000146e-01 2.917000000000000148e-01 2.603500000000000258e-01 2.509000000000000119e-01 5.383750000000000480e-01
5.242999999999999883e-01 2.821000000000000174e-01 2.518500000000000183e-01 2.498499999999999888e-01 5.224250000000000282e-01
4.843500000000000028e-01 2.711500000000000021e-01 2.472999999999999921e-01 2.500999999999999890e-01 4.858000000000000096e-01
5.325999999999999623e-01 2.933999999999999941e-01 2.576499999999999901e-01 2.571499999999999897e-01 5.303750000000000409e-01
4.864999999999999880e-01 2.738499999999999823e-01 2.514000000000000123e-01 2.483499999999999874e-01 4.873624999999999763e-01
5.012499999999999734e-01 2.771500000000000075e-01 2.511999999999999789e-01 2.432999999999999885e-01 5.072124999999999551e-01
5.175499999999999545e-01 2.805000000000000271e-01 2.556499999999999884e-01 2.512499999999999734e-01 5.179500000000000215e-01
5.207000000000000517e-01 2.906500000000000195e-01 2.585500000000000020e-01 2.533500000000000196e-01 5.157125000000000181e-01
4.964000000000000079e-01 2.816000000000000170e-01 2.489000000000000101e-01 2.469000000000000083e-01 4.991999999999999771e-01
5.227000000000000535e-01 2.904499999999999860e-01 2.520999999999999908e-01 2.503500000000000170e-01 5.259749999999999703e-01
5.293499999999999872e-01 2.929499999999999882e-01 2.540499999999999980e-01 2.558500000000000218e-01 5.269125000000000059e-01
5.288500000000000423e-01 2.877000000000000113e-01 2.619000000000000217e-01 2.480499999999999927e-01 5.267625000000000224e-01
5.080999999999999961e-01 2.816000000000000170e-01 2.499500000000000055e-01 2.474000000000000088e-01 5.090375000000000316e-01
5.235999999999999543e-01 2.923000000000000043e-01 2.609000000000000208e-01 2.490999999999999881e-01 5.261875000000000302e-01
5.268500000000000405e-01 2.893499999999999961e-01 2.529500000000000082e-01 2.469000000000000083e-01 5.271124999999999838e-01
5.131499999999999950e-01 2.810000000000000275e-01 2.552499999999999769e-01 2.447000000000000008e-01 5.168125000000000080e-01
5.459000000000000519e-01 2.993999999999999995e-01 2.567999999999999727e-01 2.488499999999999879e-01 5.481375000000000552e-01
5.320000000000000284e-01 2.869999999999999774e-01 2.515999999999999903e-01 2.477000000000000035e-01 5.305625000000000480e-01
5.425999999999999712e-01 2.916500000000000203e-01 2.530000000000000027e-01 2.515499999999999958e-01 5.411624999999999908e-01
5.020000000000000018e-01 2.798499999999999877e-01 2.515499999999999958e-01 2.527499999999999747e-01 4.964000000000000079e-01
5.076000000000000512e-01 2.810500000000000220e-01 2.536999999999999811e-01 2.453500000000000125e-01 5.080875000000000252e-01
5.173499999999999766e-01 2.843999999999999861e-01 2.539500000000000091e-01 2.565000000000000058e-01 5.148875000000000535e-01
5.150000000000000133e-01 2.881000000000000227e-01 2.542499999999999760e-01 2.515499999999999958e-01 5.137874999999999526e-01
5.094999999999999529e-01 2.807000000000000051e-01 2.578500000000000236e-01 2.464500000000000024e-01 5.039749999999999508e-01
4.955999999999999850e-01 2.757000000000000006e-01 2.527499999999999747e-01 2.521999999999999797e-01 4.938500000000000112e-01
4.954500000000000015e-01 2.822999999999999954e-01 2.538000000000000256e-01 2.487000000000000044e-01 4.926125000000000087e-01
5.043499999999999650e-01 2.810500000000000220e-01 2.508000000000000229e-01 2.542499999999999760e-01 5.046874999999999556e-01
5.029500000000000082e-01 2.752999999999999892e-01 2.538500000000000201e-01 2.473499999999999865e-01 5.041750000000000398e-01
5.101499999999999924e-01 2.802000000000000046e-01 2.530499999999999972e-01 2.526999999999999802e-01 5.064625000000000377e-01
5.125999999999999446e-01 2.762999999999999901e-01 2.529500000000000082e-01 2.534000000000000141e-01 5.077625000000000055e-01
5.353999999999999870e-01 2.936000000000000276e-01 2.533500000000000196e-01 2.511999999999999789e-01 5.329625000000000057e-01
5.332999999999999963e-01 2.881000000000000227e-01 2.549000000000000155e-01 2.534500000000000086e-01 5.313375000000000181e-01
4.973000000000000198e-01 2.791500000000000092e-01 2.490499999999999936e-01 2.537499999999999756e-01 4.939749999999999974e-01
5.134999999999999565e-01 2.810500000000000220e-01 2.545999999999999930e-01 2.546999999999999820e-01 5.063125000000000542e-01
5.057000000000000384e-01 2.796500000000000097e-01 2.540000000000000036e-01 2.494500000000000051e-01 5.014999999999999458e-01
4.959500000000000020e-01 2.812500000000000000e-01 2.569500000000000117e-01 2.470999999999999863e-01 5.018000000000000238e-01
5.023499999999999632e-01 2.803499999999999881e-01 2.554500000000000104e-01 2.513500000000000179e-01 5.022750000000000270e-01
5.594000000000000083e-01 3.013500000000000068e-01 2.566999999999999837e-01 2.490999999999999881e-01 5.511624999999999996e-01
5.195499999999999563e-01 2.823499999999999899e-01 2.594500000000000139e-01 2.501499999999999835e-01 5.177625000000000144e-01
5.060499999999999998e-01 2.848999999999999866e-01 2.538500000000000201e-01 2.492499999999999993e-01 5.006374999999999575e-01
5.428500000000000547e-01 3.013500000000000068e-01 2.641499999999999959e-01 2.550999999999999934e-01 5.457874999999999810e-01
4.953500000000000125e-01 2.781500000000000083e-01 2.495999999999999885e-01 2.517499999999999738e-01 4.901249999999999774e-01
5.355499999999999705e-01 2.908499999999999974e-01 2.629500000000000171e-01 2.485499999999999932e-01 5.327625000000000277e-01
5.131000000000000005e-01 2.773499999999999854e-01 2.518500000000000183e-01 2.442999999999999894e-01 5.138125000000000053e-01
5.036000000000000476e-01 2.838499999999999912e-01 2.540000000000000036e-01 2.488499999999999879e-01 5.111624999999999641e-01
5.290000000000000258e-01 2.841000000000000192e-01 2.504000000000000115e-01 2.556499999999999884e-01 5.314250000000000362e-01
5.040499999999999980e-01 2.805500000000000216e-01 2.548000000000000265e-01 2.469000000000000083e-01 5.038749999999999618e-01
5.037500000000000311e-01 2.774499999999999744e-01 2.525999999999999912e-01 2.515999999999999903e-01 5.002999999999999670e-01
5.342000000000000082e-01 2.943000000000000060e-01 2.629500000000000171e-01 2.503500000000000170e-01 5.361500000000000155e-01
4.989500000000000046e-01 2.778499999999999859e-01 2.482000000000000040e-01 2.503500000000000170e-01 5.043499999999999650e-01
5.091499999999999915e-01 2.823999999999999844e-01 2.535999999999999921e-01 2.484999999999999987e-01 5.079749999999999543e-01
5.094499999999999584e-01 2.777000000000000024e-01 2.543000000000000260e-01 2.529500000000000082e-01 5.067500000000000338e-01
4.985499999999999932e-01 2.723999999999999755e-01 2.520499999999999963e-01 2.505000000000000004e-01 5.030499999999999972e-01
5.322999999999999954e-01 2.940999999999999726e-01 2.507499999999999729e-01 2.520999999999999908e-01 5.391624999999999890e-01
5.154499999999999638e-01 2.842000000000000082e-01 2.589500000000000135e-01 2.529000000000000137e-01 5.119375000000000453e-01
5.212999999999999856e-01 2.841000000000000192e-01 2.543000000000000260e-01 2.490499999999999936e-01 5.279500000000000304e-01
4.862000000000000210e-01 2.738499999999999823e-01 2.516999999999999793e-01 2.482499999999999984e-01 4.924749999999999961e-01
5.177500000000000435e-01 2.809499999999999775e-01 2.588500000000000245e-01 2.461500000000000077e-01 5.139500000000000179e-01
4.872500000000000164e-01 2.776500000000000079e-01 2.483499999999999874e-01 2.538500000000000201e-01 4.905625000000000124e-01
5.026000000000000467e-01 2.778499999999999859e-01 2.560999999999999943e-01 2.505999999999999894e-01 5.004874999999999741e-01
4.976999999999999758e-01 2.795000000000000262e-01 2.560999999999999943e-01 2.459500000000000020e-01 4.987874999999999948e-01
4.926499999999999768e-01 2.747499999999999942e-01 2.497999999999999943e-01 2.489999999999999991e-01 4.938500000000000112e-01
4.904000000000000026e-01 2.786500000000000088e-01 2.557499999999999774e-01 2.497000000000000053e-01 4.939875000000000238e-01
4.970999999999999863e-01 2.785500000000000198e-01 2.564500000000000113e-01 2.479500000000000037e-01 5.022375000000000034e-01
5.211999999999999966e-01 2.908999999999999919e-01 2.515000000000000013e-01 2.515499999999999958e-01 5.164499999999999647e-01
5.036500000000000421e-01 2.823999999999999844e-01 2.526999999999999802e-01 2.543500000000000205e-01 5.072875000000000023e-01
5.237000000000000544e-01 2.886000000000000232e-01 2.523500000000000187e-01 2.494500000000000051e-01 5.206625000000000281e-01
4.865999999999999770e-01 2.767999999999999905e-01 2.567499999999999782e-01 2.565000000000000058e-01 4.917624999999999913e-01
5.377499999999999503e-01 2.927500000000000102e-01 2.604500000000000148e-01 2.520999999999999908e-01 5.373375000000000234e-01
5.217000000000000526e-01 2.868499999999999939e-01 2.538000000000000256e-01 2.520000000000000018e-01 5.187749999999999861e-01
4.909999999999999920e-01 2.773999999999999799e-01 2.538000000000000256e-01 2.488499999999999879e-01 4.937500000000000222e-01
5.265999999999999570e-01 2.921000000000000263e-01 2.565000000000000058e-01 2.484000000000000097e-01 5.293499999999999872e-01
4.939500000000000002e-01 2.711500000000000021e-01 2.494500000000000051e-01 2.507499999999999729e-01 4.966875000000000040e-01
5.129500000000000171e-01 2.936500000000000221e-01 2.492999999999999938e-01 2.462999999999999912e-01 5.165374999999999828e-01
4.920999999999999819e-01 2.764499999999999735e-01 2.499500000000000055e-01 2.556999999999999829e-01 4.941749999999999754e-01
5.213499999999999801e-01 2.847500000000000031e-01 2.511499999999999844e-01 2.508000000000000229e-01 5.289749999999999730e-01
5.243499999999999828e-01 2.851500000000000146e-01 2.546999999999999820e-01 2.494000000000000106e-01 5.241124999999999812e-01
5.293999999999999817e-01 2.880499999999999727e-01 2.511999999999999789e-01 2.479500000000000037e-01 5.324624999999999497e-01
5.210000000000000187e-01 2.824999999999999734e-01 2.547499999999999765e-01 2.501499999999999835e-01 5.167000000000000481e-01
5.082499999999999796e-01 2.795500000000000207e-01 2.549500000000000099e-01 2.501499999999999835e-01 5.085250000000000048e-01
5.042999999999999705e-01 2.726000000000000090e-01 2.541999999999999815e-01 2.495499999999999940e-01 4.933374999999999844e-01
5.126500000000000501e-01 2.820500000000000229e-01 2.519000000000000128e-01 2.501999999999999780e-01 5.098875000000000490e-01
