3.985750000000000126e-01 2.602499999999999813e-01 2.460249999999999937e-01 2.505999999999999894e-01 3.954624999999999946e-01
3.880250000000000088e-01 2.532749999999999724e-01 2.475249999999999950e-01 2.520000000000000018e-01 3.894624999999999893e-01
4.098499999999999921e-01 2.549250000000000127e-01 2.508250000000000202e-01 2.533250000000000224e-01 4.073375000000000190e-01
4.173749999999999960e-01 2.585500000000000020e-01 2.509750000000000036e-01 2.494500000000000051e-01 4.170312500000000200e-01
3.955000000000000182e-01 2.539750000000000063e-01 2.502499999999999725e-01 2.480249999999999955e-01 3.942187500000000067e-01
3.816249999999999920e-01 2.523750000000000160e-01 2.495499999999999940e-01 2.544750000000000068e-01 3.827687499999999909e-01
3.753500000000000170e-01 2.530999999999999917e-01 2.553500000000000214e-01 2.492749999999999966e-01 3.753312500000000052e-01
4.232500000000000151e-01 2.600750000000000006e-01 2.540250000000000008e-01 2.484999999999999987e-01 4.229999999999999871e-01
3.973499999999999810e-01 2.595500000000000029e-01 2.497749999999999970e-01 2.492000000000000048e-01 3.982687500000000047e-01
4.035750000000000171e-01 2.558500000000000218e-01 2.531499999999999861e-01 2.530000000000000027e-01 3.984874999999999945e-01
4.079499999999999793e-01 2.543000000000000260e-01 2.475749999999999895e-01 2.502249999999999752e-01 4.029562500000000158e-01
4.158000000000000029e-01 2.581749999999999878e-01 2.454749999999999988e-01 2.520999999999999908e-01 4.112687500000000163e-01
4.325249999999999928e-01 2.589750000000000107e-01 2.520000000000000018e-01 2.475249999999999950e-01 4.317937499999999762e-01
4.230999999999999761e-01 2.591499999999999915e-01 2.482000000000000040e-01 2.517249999999999766e-01 4.228500000000000036e-01
4.391999999999999793e-01 2.593250000000000277e-01 2.498249999999999915e-01 2.499500000000000055e-01 4.370437500000000086e-01
4.112500000000000044e-01 2.569250000000000145e-01 2.499750000000000028e-01 2.510000000000000009e-01 4.153875000000000206e-01
4.151500000000000190e-01 2.593750000000000222e-01 2.505749999999999922e-01 2.482749999999999957e-01 4.150499999999999745e-01
4.043249999999999900e-01 2.620999999999999996e-01 2.520000000000000018e-01 2.453500000000000125e-01 4.063687500000000008e-01
4.315749999999999864e-01 2.582249999999999823e-01 2.521499999999999853e-01 2.510499999999999954e-01 4.344875000000000265e-01
4.244999999999999885e-01 2.622999999999999776e-01 2.461000000000000132e-01 2.481500000000000095e-01 4.249562499999999798e-01
3.839750000000000107e-01 2.533750000000000169e-01 2.462999999999999912e-01 2.530249999999999999e-01 3.853312500000000140e-01
3.860750000000000015e-01 2.556249999999999911e-01 2.504500000000000060e-01 2.470999999999999863e-01 3.887375000000000136e-01
3.983999999999999764e-01 2.520499999999999963e-01 2.490999999999999881e-01 2.492749999999999966e-01 4.016000000000000125e-01
4.083249999999999935e-01 2.605250000000000066e-01 2.479250000000000065e-01 2.520749999999999935e-01 4.079625000000000057e-01
3.996500000000000052e-01 2.561499999999999888e-01 2.519250000000000100e-01 2.530499999999999972e-01 4.020312500000000067e-01
4.159499999999999864e-01 2.631749999999999923e-01 2.467749999999999944e-01 2.484750000000000014e-01 4.159187500000000037e-01
4.349750000000000005e-01 2.621749999999999914e-01 2.503000000000000225e-01 2.481250000000000122e-01 4.321187499999999959e-01
3.925750000000000073e-01 2.523500000000000187e-01 2.510749999999999926e-01 2.495249999999999968e-01 3.929437499999999805e-01
3.840749999999999997e-01 2.536499999999999866e-01 2.554500000000000104e-01 2.531249999999999889e-01 3.802749999999999742e-01
4.190749999999999753e-01 2.586249999999999938e-01 2.523500000000000187e-01 2.489000000000000101e-01 4.182624999999999815e-01
3.843500000000000250e-01 2.572499999999999787e-01 2.518000000000000238e-01 2.472499999999999976e-01 3.833624999999999949e-01
3.882999999999999785e-01 2.534000000000000141e-01 2.476250000000000118e-01 2.503750000000000142e-01 3.881812499999999777e-01
4.109499999999999820e-01 2.587499999999999800e-01 2.515000000000000013e-01 2.500000000000000000e-01 4.145312500000000178e-01
3.886749999999999927e-01 2.526499999999999857e-01 2.493750000000000133e-01 2.500249999999999972e-01 3.848562500000000108e-01
4.224499999999999922e-01 2.600250000000000061e-01 2.500000000000000000e-01 2.476750000000000063e-01 4.239312499999999817e-01
3.654999999999999916e-01 2.488499999999999879e-01 2.483499999999999874e-01 2.520249999999999990e-01 3.680562499999999737e-01
4.017000000000000015e-01 2.569750000000000090e-01 2.508250000000000202e-01 2.510749999999999926e-01 3.988062499999999733e-01
3.772249999999999770e-01 2.524750000000000050e-01 2.466750000000000054e-01 2.528000000000000247e-01 3.823624999999999940e-01
4.040750000000000175e-01 2.549000000000000155e-01 2.510249999999999981e-01 2.497250000000000025e-01 4.020250000000000212e-01
3.976500000000000035e-01 2.573250000000000259e-01 2.499000000000000110e-01 2.500499999999999945e-01 3.958749999999999769e-01
3.956000000000000072e-01 2.558750000000000191e-01 2.475749999999999895e-01 2.472250000000000003e-01 3.961749999999999994e-01
4.067500000000000004e-01 2.572249999999999814e-01 2.501999999999999780e-01 2.486250000000000127e-01 4.091750000000000109e-01
4.126750000000000140e-01 2.549750000000000072e-01 2.511999999999999789e-01 2.511499999999999844e-01 4.143687500000000079e-01
3.936000000000000054e-01 2.552749999999999742e-01 2.500000000000000000e-01 2.485749999999999904e-01 3.957999999999999852e-01
4.005000000000000226e-01 2.608249999999999735e-01 2.556999999999999829e-01 2.486250000000000127e-01 3.980437499999999740e-01
4.266249999999999765e-01 2.591249999999999942e-01 2.493750000000000133e-01 2.457749999999999935e-01 4.236624999999999974e-01
4.374250000000000083e-01 2.591499999999999915e-01 2.522499999999999742e-01 2.490499999999999936e-01 4.336937499999999890e-01
4.260499999999999843e-01 2.599000000000000199e-01 2.517249999999999766e-01 2.525749999999999940e-01 4.261687499999999851e-01
4.008249999999999869e-01 2.530749999999999944e-01 2.489000000000000101e-01 2.502249999999999752e-01 3.987875000000000170e-01
4.353000000000000203e-01 2.634000000000000230e-01 2.473750000000000115e-01 2.497749999999999970e-01 4.368062500000000070e-01
4.103749999999999898e-01 2.609500000000000153e-01 2.503750000000000142e-01 2.528000000000000247e-01 4.105062500000000170e-01
3.807499999999999774e-01 2.569250000000000145e-01 2.527499999999999747e-01 2.498750000000000138e-01 3.783562500000000051e-01
4.398000000000000242e-01 2.631249999999999978e-01 2.520999999999999908e-01 2.470249999999999946e-01 4.423374999999999946e-01
3.986250000000000071e-01 2.575250000000000039e-01 2.490249999999999964e-01 2.496500000000000108e-01 3.972937500000000011e-01
4.262000000000000233e-01 2.581999999999999851e-01 2.482999999999999929e-01 2.500749999999999917e-01 4.274875000000000203e-01
4.134999999999999787e-01 2.639250000000000207e-01 2.495249999999999968e-01 2.487000000000000044e-01 4.117062499999999958e-01
4.114999999999999769e-01 2.597249999999999837e-01 2.483750000000000124e-01 2.524500000000000077e-01 4.093187500000000090e-01
4.459750000000000103e-01 2.635750000000000037e-01 2.513000000000000234e-01 2.539500000000000091e-01 4.451562499999999756e-01
3.988499999999999823e-01 2.566749999999999865e-01 2.490999999999999881e-01 2.492250000000000021e-01 3.944812500000000055e-01
3.735999999999999877e-01 2.544750000000000068e-01 2.500000000000000000e-01 2.502750000000000252e-01 3.745812499999999767e-01
3.655999999999999805e-01 2.541999999999999815e-01 2.432499999999999940e-01 2.491250000000000131e-01 3.632500000000000173e-01
3.997749999999999915e-01 2.547499999999999765e-01 2.532499999999999751e-01 2.515000000000000013e-01 4.026874999999999760e-01
3.704749999999999988e-01 2.518500000000000183e-01 2.497250000000000025e-01 2.500249999999999972e-01 3.763374999999999915e-01
3.759750000000000036e-01 2.531999999999999806e-01 2.509000000000000119e-01 2.471250000000000113e-01 3.763750000000000151e-01
3.983749999999999791e-01 2.544500000000000095e-01 2.454000000000000070e-01 2.488249999999999906e-01 3.944374999999999964e-01
4.129999999999999782e-01 2.564500000000000113e-01 2.498750000000000138e-01 2.485499999999999932e-01 4.109562500000000229e-01
4.155750000000000277e-01 2.596249999999999947e-01 2.502499999999999725e-01 2.452999999999999903e-01 4.144249999999999878e-01
4.168000000000000038e-01 2.579750000000000099e-01 2.518250000000000210e-01 2.520000000000000018e-01 4.185625000000000040e-01
3.892999999999999794e-01 2.555749999999999966e-01 2.484750000000000014e-01 2.467499999999999971e-01 3.899187499999999806e-01
3.859500000000000153e-01 2.583250000000000268e-01 2.494000000000000106e-01 2.495749999999999913e-01 3.895000000000000129e-01
3.827749999999999764e-01 2.580749999999999988e-01 2.526249999999999885e-01 2.535000000000000031e-01 3.839312500000000017e-01
4.050500000000000211e-01 2.578500000000000236e-01 2.500499999999999945e-01 2.485499999999999932e-01 3.991500000000000048e-01
3.860500000000000043e-01 2.521249999999999880e-01 2.518500000000000183e-01 2.540749999999999953e-01 3.876062499999999855e-01
3.957249999999999934e-01 2.566749999999999865e-01 2.509000000000000119e-01 2.492749999999999966e-01 3.965187499999999754e-01
3.796749999999999847e-01 2.559500000000000108e-01 2.491750000000000076e-01 2.488249999999999906e-01 3.815312499999999885e-01
3.743750000000000133e-01 2.515749999999999931e-01 2.470749999999999891e-01 2.512499999999999734e-01 3.799062500000000009e-01
4.234999999999999876e-01 2.554000000000000159e-01 2.524250000000000105e-01 2.485999999999999877e-01 4.220625000000000071e-01
3.873500000000000276e-01 2.571499999999999897e-01 2.484750000000000014e-01 2.457749999999999935e-01 3.856062499999999837e-01
4.001500000000000057e-01 2.545999999999999930e-01 2.516249999999999876e-01 2.510499999999999954e-01 3.999687499999999840e-01
3.911499999999999977e-01 2.572749999999999759e-01 2.497000000000000053e-01 2.491750000000000076e-01 3.952999999999999847e-01
3.975250000000000172e-01 2.544250000000000123e-01 2.499000000000000110e-01 2.513750000000000151e-01 3.991687500000000166e-01
4.149499999999999855e-01 2.591499999999999915e-01 2.524000000000000132e-01 2.486500000000000099e-01 4.179187500000000055e-01
4.131000000000000227e-01 2.570000000000000062e-01 2.490499999999999936e-01 2.487999999999999934e-01 4.108187500000000103e-01
3.906000000000000028e-01 2.524500000000000077e-01 2.464250000000000052e-01 2.481250000000000122e-01 3.881562499999999805e-01
4.292250000000000232e-01 2.632999999999999785e-01 2.512499999999999734e-01 2.534750000000000059e-01 4.240312500000000262e-01
4.048749999999999849e-01 2.586749999999999883e-01 2.492499999999999993e-01 2.488750000000000129e-01 4.038812500000000250e-01
3.880750000000000033e-01 2.586499999999999910e-01 2.492000000000000048e-01 2.482999999999999929e-01 3.926000000000000045e-01
3.873750000000000249e-01 2.520999999999999908e-01 2.526999999999999802e-01 2.520999999999999908e-01 3.917125000000000190e-01
3.951000000000000068e-01 2.560499999999999998e-01 2.474500000000000033e-01 2.538000000000000256e-01 3.932499999999999885e-01
4.038749999999999840e-01 2.572499999999999787e-01 2.513500000000000179e-01 2.475999999999999868e-01 4.092312499999999909e-01
3.729999999999999982e-01 2.583750000000000213e-01 2.514250000000000096e-01 2.461250000000000104e-01 3.741625000000000090e-01
3.894500000000000184e-01 2.554250000000000131e-01 2.479250000000000065e-01 2.449000000000000066e-01 3.890250000000000097e-01
3.942499999999999893e-01 2.525249999999999995e-01 2.485999999999999877e-01 2.497999999999999943e-01 3.926374999999999726e-01
4.268750000000000044e-01 2.579500000000000126e-01 2.505749999999999922e-01 2.522249999999999770e-01 4.270562500000000261e-01
3.977999999999999869e-01 2.586999999999999855e-01 2.495499999999999940e-01 2.477999999999999925e-01 3.975062500000000054e-01
4.230749999999999789e-01 2.605500000000000038e-01 2.492749999999999966e-01 2.485999999999999877e-01 4.253562499999999913e-01
3.965500000000000136e-01 2.528500000000000192e-01 2.501499999999999835e-01 2.517499999999999738e-01 3.963999999999999746e-01
4.346999999999999753e-01 2.649750000000000161e-01 2.548250000000000237e-01 2.484000000000000097e-01 4.356125000000000136e-01
4.242750000000000132e-01 2.598500000000000254e-01 2.487999999999999934e-01 2.506249999999999867e-01 4.242250000000000187e-01
3.711499999999999799e-01 2.592749999999999777e-01 2.524000000000000132e-01 2.497749999999999970e-01 3.729562499999999892e-01
