2.502208333333333368e-01 2.510187500000000127e-01
2.494458333333333389e-01 2.497197916666666628e-01
2.505666666666666598e-01 2.503093750000000006e-01
2.492708333333333304e-01 2.498020833333333413e-01
2.510958333333333514e-01 2.504958333333333065e-01
2.516249999999999876e-01 2.511229166666666401e-01
2.492999999999999938e-01 2.505135416666666726e-01
2.516749999999999821e-01 2.502093750000000116e-01
2.494583333333333375e-01 2.498875000000000124e-01
2.505499999999999949e-01 2.498968749999999905e-01
2.491333333333333455e-01 2.488947916666666704e-01
2.495458333333333278e-01 2.497302083333333422e-01
2.507416666666666405e-01 2.495604166666666734e-01
2.509041666666666504e-01 2.504812499999999886e-01
2.486708333333333409e-01 2.495802083333333310e-01
2.492333333333333345e-01 2.502541666666666664e-01
2.493499999999999883e-01 2.496604166666666624e-01
2.493166666666666587e-01 2.502656249999999916e-01
2.507083333333333108e-01 2.500916666666666566e-01
2.495458333333333278e-01 2.510229166666666512e-01
2.491041666666666543e-01 2.500229166666666503e-01
2.516833333333333145e-01 2.503614583333333421e-01
2.512166666666666437e-01 2.498739583333333403e-01
2.500541666666666885e-01 2.500166666666666648e-01
2.506583333333333163e-01 2.502531250000000207e-01
2.494875000000000009e-01 2.504093749999999896e-01
2.507166666666666432e-01 2.510468750000000027e-01
2.495708333333333251e-01 2.500218750000000045e-01
2.508916666666666795e-01 2.508250000000000202e-01
2.495374999999999954e-01 2.496437499999999976e-01
2.488916666666666777e-01 2.494239583333333343e-01
2.503750000000000142e-01 2.507416666666666405e-01
2.492000000000000048e-01 2.494322916666666667e-01
2.492416666666666669e-01 2.506052083333333291e-01
2.523083333333333567e-01 2.506249999999999867e-01
2.494583333333333375e-01 2.506208333333333482e-01
2.495958333333333223e-01 2.506062499999999749e-01
2.509958333333333069e-01 2.504479166666666590e-01
2.487291666666666679e-01 2.494218749999999873e-01
2.496250000000000135e-01 2.504760416666666489e-01
2.505125000000000268e-01 2.498312500000000047e-01
2.512083333333333113e-01 2.501031249999999817e-01
2.503750000000000142e-01 2.497156249999999966e-01
2.488583333333333203e-01 2.499031250000000037e-01
2.500708333333333533e-01 2.510562499999999808e-01
2.516958333333333409e-01 2.497312499999999880e-01
2.505749999999999922e-01 2.509895833333333215e-01
2.505958333333333510e-01 2.498135416666666664e-01
2.496750000000000080e-01 2.506729166666666897e-01
2.496583333333333432e-01 2.503729166666666672e-01
2.488166666666666582e-01 2.503447916666666773e-01
2.521625000000000116e-01 2.500916666666666566e-01
2.513666666666666827e-01 2.504562499999999914e-01
2.511583333333333168e-01 2.503677083333333275e-01
2.495541666666666603e-01 2.496927083333333464e-01
2.493333333333333235e-01 2.498114583333333472e-01
2.505458333333333565e-01 2.508406249999999837e-01
2.501291666666666802e-01 2.506791666666666751e-01
2.518083333333333562e-01 2.504812499999999886e-01
2.494458333333333389e-01 2.496062500000000017e-01
2.498208333333333253e-01 2.500270833333333442e-01
2.508041666666666614e-01 2.496833333333333405e-01
2.516041666666666843e-01 2.499458333333333393e-01
2.506166666666666543e-01 2.504333333333333411e-01
2.495791666666666575e-01 2.498968749999999905e-01
2.507833333333333581e-01 2.500281249999999900e-01
2.488041666666666596e-01 2.502666666666666928e-01
2.495916666666666561e-01 2.497874999999999956e-01
2.501458333333333450e-01 2.505416666666666625e-01
2.503374999999999906e-01 2.495614583333333469e-01
2.506666666666666488e-01 2.507854166666666496e-01
2.494958333333333333e-01 2.507677083333333390e-01
2.513791666666666536e-01 2.503656249999999805e-01
2.525749999999999940e-01 2.505479166666666480e-01
2.509333333333333416e-01 2.494697916666666626e-01
2.516666666666666496e-01 2.500375000000000236e-01
2.496208333333333196e-01 2.501166666666666538e-01
2.491708333333333414e-01 2.504697916666666635e-01
2.499250000000000083e-01 2.498291666666666577e-01
2.496500000000000108e-01 2.501677083333333496e-01
2.490999999999999881e-01 2.499375000000000069e-01
2.502458333333333340e-01 2.500854166666666711e-01
2.502833333333333576e-01 2.499458333333333393e-01
2.510833333333333250e-01 2.498770833333333330e-01
2.506999999999999784e-01 2.504968750000000077e-01
2.486375000000000113e-01 2.506541666666666779e-01
2.498541666666666550e-01 2.501208333333333478e-01
2.503291666666666582e-01 2.497583333333333322e-01
2.515625000000000222e-01 2.499135416666666554e-01
2.511375000000000135e-01 2.500968749999999963e-01
2.520375000000000254e-01 2.503635416666666891e-01
2.511125000000000163e-01 2.512416666666666409e-01
2.505583333333333274e-01 2.499708333333333365e-01
2.498916666666666786e-01 2.510572916666666821e-01
2.518333333333333535e-01 2.498687500000000006e-01
2.505958333333333510e-01 2.503937500000000260e-01
2.503458333333333230e-01 2.517697916666666869e-01
2.517125000000000057e-01 2.499708333333333365e-01
2.501499999999999835e-01 2.500947916666666493e-01
2.497041666666666715e-01 2.508906249999999782e-01
