7.098999999999999755e-01 4.235999999999999766e-01 3.105999999999999872e-01 2.787999999999999923e-01 7.127875000000000183e-01
7.043500000000000316e-01 4.164499999999999869e-01 3.095499999999999918e-01 2.737999999999999878e-01 7.047250000000000458e-01
7.190499999999999670e-01 4.406999999999999806e-01 3.167499999999999760e-01 2.751500000000000057e-01 7.234500000000000375e-01
7.266500000000000181e-01 4.418000000000000260e-01 3.319500000000000228e-01 2.836500000000000132e-01 7.298624999999999696e-01
7.104000000000000314e-01 4.177000000000000157e-01 3.151499999999999857e-01 2.712999999999999856e-01 7.131999999999999451e-01
7.057499999999999885e-01 4.091500000000000137e-01 3.093500000000000139e-01 2.753999999999999782e-01 7.004375000000000462e-01
6.936499999999999888e-01 4.045500000000000207e-01 3.030999999999999805e-01 2.662999999999999812e-01 6.918999999999999595e-01
7.337000000000000188e-01 4.542999999999999816e-01 3.378499999999999837e-01 2.858499999999999930e-01 7.316249999999999698e-01
7.124500000000000277e-01 4.284499999999999975e-01 3.196999999999999842e-01 2.727999999999999869e-01 7.106749999999999456e-01
7.194000000000000394e-01 4.272000000000000242e-01 3.251000000000000001e-01 2.801000000000000156e-01 7.144000000000000350e-01
7.190499999999999670e-01 4.258500000000000063e-01 3.261499999999999955e-01 2.754499999999999726e-01 7.136875000000000302e-01
7.205500000000000238e-01 4.398000000000000242e-01 3.274500000000000188e-01 2.807000000000000051e-01 7.263125000000000275e-01
7.458500000000000130e-01 4.611000000000000099e-01 3.370000000000000218e-01 2.869999999999999774e-01 7.443374999999999853e-01
7.375000000000000444e-01 4.525500000000000078e-01 3.372999999999999887e-01 2.882500000000000062e-01 7.331124999999999448e-01
7.509000000000000119e-01 4.719499999999999806e-01 3.422499999999999987e-01 2.922500000000000098e-01 7.451375000000000082e-01
7.336500000000000243e-01 4.457999999999999741e-01 3.299000000000000266e-01 2.874499999999999833e-01 7.288999999999999924e-01
7.242499999999999494e-01 4.391999999999999793e-01 3.317499999999999893e-01 2.833499999999999908e-01 7.300624999999999476e-01
7.247000000000000108e-01 4.393000000000000238e-01 3.215999999999999970e-01 2.752999999999999892e-01 7.197124999999999773e-01
7.432999999999999607e-01 4.599500000000000255e-01 3.431500000000000106e-01 2.909999999999999809e-01 7.458124999999999893e-01
7.366000000000000325e-01 4.534500000000000197e-01 3.342999999999999861e-01 2.846500000000000141e-01 7.359750000000000458e-01
6.990499999999999492e-01 4.122999999999999998e-01 3.117500000000000271e-01 2.654500000000000193e-01 7.011125000000000274e-01
7.057999999999999829e-01 4.218500000000000028e-01 3.133500000000000174e-01 2.699500000000000233e-01 7.058750000000000302e-01
7.177000000000000046e-01 4.297500000000000209e-01 3.156499999999999861e-01 2.777499999999999969e-01 7.142874999999999641e-01
7.227500000000000036e-01 4.415999999999999925e-01 3.281000000000000028e-01 2.755500000000000171e-01 7.200999999999999623e-01
7.238499999999999934e-01 4.297500000000000209e-01 3.225999999999999979e-01 2.788999999999999813e-01 7.173500000000000432e-01
7.292499999999999538e-01 4.467999999999999750e-01 3.322499999999999898e-01 2.857999999999999985e-01 7.325500000000000345e-01
7.417500000000000204e-01 4.586500000000000021e-01 3.441500000000000115e-01 2.899499999999999855e-01 7.404249999999999998e-01
7.057999999999999829e-01 4.181000000000000272e-01 3.124500000000000055e-01 2.726999999999999980e-01 7.061250000000000027e-01
6.963500000000000245e-01 4.087999999999999967e-01 3.042500000000000204e-01 2.705500000000000127e-01 6.956250000000000488e-01
7.317000000000000171e-01 4.454000000000000181e-01 3.318999999999999728e-01 2.844499999999999806e-01 7.278000000000000025e-01
7.027999999999999803e-01 4.117500000000000049e-01 3.035499999999999865e-01 2.746500000000000052e-01 6.987250000000000405e-01
7.054500000000000215e-01 4.215999999999999748e-01 3.089999999999999969e-01 2.676499999999999990e-01 7.023125000000000062e-01
7.283500000000000529e-01 4.378500000000000170e-01 3.331999999999999962e-01 2.807999999999999940e-01 7.246000000000000218e-01
7.003500000000000281e-01 4.141500000000000181e-01 3.066499999999999782e-01 2.736000000000000099e-01 7.046000000000000041e-01
7.318999999999999950e-01 4.460500000000000020e-01 3.384499999999999731e-01 2.823499999999999899e-01 7.327375000000000416e-01
6.847499999999999698e-01 3.997999999999999887e-01 3.016499999999999737e-01 2.709500000000000242e-01 6.856999999999999762e-01
7.141499999999999515e-01 4.282500000000000195e-01 3.181999999999999829e-01 2.766000000000000125e-01 7.189999999999999725e-01
6.929499999999999549e-01 4.087000000000000077e-01 3.060499999999999887e-01 2.704500000000000237e-01 6.947499999999999787e-01
7.174500000000000322e-01 4.332500000000000240e-01 3.184000000000000163e-01 2.740500000000000158e-01 7.175875000000000448e-01
7.158999999999999808e-01 4.228000000000000091e-01 3.131999999999999784e-01 2.730000000000000204e-01 7.118375000000000119e-01
7.098999999999999755e-01 4.299000000000000044e-01 3.163500000000000201e-01 2.752499999999999947e-01 7.106375000000000330e-01
7.228999999999999870e-01 4.425000000000000044e-01 3.247499999999999831e-01 2.800500000000000211e-01 7.221250000000000169e-01
7.211999999999999522e-01 4.420000000000000040e-01 3.326500000000000012e-01 2.837000000000000077e-01 7.269250000000000433e-01
7.107499999999999929e-01 4.225499999999999812e-01 3.182499999999999774e-01 2.716500000000000026e-01 7.135000000000000231e-01
7.152500000000000524e-01 4.245999999999999774e-01 3.222999999999999754e-01 2.804499999999999771e-01 7.172749999999999959e-01
7.358999999999999986e-01 4.565000000000000169e-01 3.341500000000000026e-01 2.881000000000000227e-01 7.385749999999999815e-01
7.463499999999999579e-01 4.702000000000000068e-01 3.433999999999999830e-01 2.902500000000000080e-01 7.425000000000000488e-01
7.409499999999999975e-01 4.530000000000000138e-01 3.392999999999999905e-01 2.885499999999999732e-01 7.365500000000000380e-01
7.157000000000000028e-01 4.265499999999999847e-01 3.135000000000000009e-01 2.793999999999999817e-01 7.140999999999999570e-01
7.470999999999999863e-01 4.757500000000000062e-01 3.429499999999999771e-01 2.939499999999999891e-01 7.467500000000000249e-01
7.237500000000000044e-01 4.369999999999999996e-01 3.261000000000000010e-01 2.778999999999999804e-01 7.267124999999999835e-01
6.976999999999999869e-01 4.111500000000000155e-01 3.072500000000000231e-01 2.715500000000000136e-01 6.975749999999999451e-01
7.495000000000000551e-01 4.693499999999999894e-01 3.538499999999999979e-01 2.886500000000000177e-01 7.490750000000000464e-01
7.163000000000000478e-01 4.309000000000000052e-01 3.150000000000000022e-01 2.830500000000000238e-01 7.113000000000000433e-01
7.316000000000000281e-01 4.647499999999999964e-01 3.326000000000000068e-01 2.843499999999999917e-01 7.407624999999999904e-01
7.313499999999999446e-01 4.430000000000000049e-01 3.279500000000000193e-01 2.862500000000000044e-01 7.277624999999999789e-01
7.261999999999999567e-01 4.383500000000000174e-01 3.317999999999999838e-01 2.825500000000000234e-01 7.299875000000000114e-01
7.514499999999999513e-01 4.804499999999999882e-01 3.467500000000000027e-01 2.974499999999999922e-01 7.513874999999999860e-01
7.135500000000000176e-01 4.233000000000000096e-01 3.184000000000000163e-01 2.744500000000000273e-01 7.084000000000000297e-01
6.861500000000000377e-01 4.034499999999999753e-01 2.955999999999999739e-01 2.672999999999999821e-01 6.921125000000000194e-01
6.816499999999999782e-01 3.891499999999999959e-01 2.979999999999999871e-01 2.669500000000000206e-01 6.766874999999999973e-01
7.175500000000000211e-01 4.325999999999999845e-01 3.212499999999999800e-01 2.783499999999999863e-01 7.182500000000000551e-01
6.904000000000000137e-01 4.117000000000000104e-01 2.999999999999999889e-01 2.726000000000000090e-01 6.904875000000000318e-01
6.992000000000000437e-01 4.015000000000000235e-01 3.024499999999999966e-01 2.659000000000000252e-01 6.945000000000000062e-01
7.160999999999999588e-01 4.238500000000000045e-01 3.163500000000000201e-01 2.701000000000000068e-01 7.138499999999999845e-01
7.296000000000000263e-01 4.424000000000000155e-01 3.341999999999999971e-01 2.790500000000000203e-01 7.277500000000000080e-01
7.275500000000000300e-01 4.462499999999999800e-01 3.291499999999999981e-01 2.767000000000000015e-01 7.281999999999999584e-01
7.371999999999999664e-01 4.507999999999999785e-01 3.351999999999999980e-01 2.883000000000000007e-01 7.323874999999999691e-01
7.003500000000000281e-01 4.200999999999999734e-01 3.083500000000000130e-01 2.727499999999999925e-01 7.044749999999999623e-01
7.030999999999999472e-01 4.194499999999999895e-01 3.173000000000000265e-01 2.722499999999999920e-01 7.061500000000000554e-01
7.071499999999999453e-01 4.162500000000000089e-01 3.105499999999999927e-01 2.741000000000000103e-01 7.040625000000000355e-01
7.197999999999999954e-01 4.336999999999999744e-01 3.205500000000000016e-01 2.747499999999999942e-01 7.196249999999999591e-01
7.053500000000000325e-01 4.148999999999999910e-01 3.101999999999999758e-01 2.711500000000000021e-01 7.032500000000000417e-01
7.112000000000000544e-01 4.203500000000000014e-01 3.186499999999999888e-01 2.756500000000000061e-01 7.149624999999999453e-01
6.964500000000000135e-01 4.125499999999999723e-01 3.140999999999999903e-01 2.710500000000000131e-01 6.965124999999999789e-01
6.892000000000000348e-01 4.068999999999999839e-01 3.080499999999999905e-01 2.661999999999999922e-01 6.943500000000000227e-01
7.246000000000000218e-01 4.476999999999999869e-01 3.371999999999999997e-01 2.931000000000000272e-01 7.356500000000000261e-01
7.015500000000000069e-01 4.112000000000000099e-01 3.089000000000000079e-01 2.703499999999999792e-01 7.038499999999999757e-01
7.125000000000000222e-01 4.195499999999999785e-01 3.201499999999999901e-01 2.763499999999999845e-01 7.171499999999999542e-01
7.046499999999999986e-01 4.235499999999999821e-01 3.145999999999999908e-01 2.768499999999999850e-01 7.109874999999999945e-01
7.168499999999999872e-01 4.319999999999999951e-01 3.172499999999999765e-01 2.797999999999999932e-01 7.157249999999999446e-01
7.344000000000000528e-01 4.522499999999999853e-01 3.318999999999999728e-01 2.832500000000000018e-01 7.301499999999999657e-01
7.288999999999999924e-01 4.458500000000000241e-01 3.272499999999999853e-01 2.825500000000000234e-01 7.270624999999999449e-01
7.017499999999999849e-01 4.206500000000000239e-01 3.107500000000000262e-01 2.731999999999999984e-01 7.049625000000000474e-01
7.356000000000000316e-01 4.557999999999999829e-01 3.398499999999999854e-01 2.901000000000000245e-01 7.391499999999999737e-01
7.261999999999999567e-01 4.351999999999999758e-01 3.197999999999999732e-01 2.781000000000000139e-01 7.225749999999999673e-01
7.072500000000000453e-01 4.203000000000000069e-01 3.127499999999999725e-01 2.777000000000000024e-01 7.103874999999999496e-01
7.090499999999999581e-01 4.230499999999999816e-01 3.175000000000000044e-01 2.703999999999999737e-01 7.074875000000000469e-01
7.151999999999999469e-01 4.233000000000000096e-01 3.208500000000000241e-01 2.680500000000000105e-01 7.096124999999999794e-01
7.217000000000000082e-01 4.412499999999999756e-01 3.316999999999999948e-01 2.778499999999999859e-01 7.241874999999999840e-01
6.920500000000000540e-01 4.008999999999999786e-01 3.091999999999999749e-01 2.748999999999999777e-01 6.935249999999999471e-01
7.108999999999999764e-01 4.182000000000000162e-01 3.116499999999999826e-01 2.703499999999999792e-01 7.080750000000000099e-01
7.085000000000000187e-01 4.213999999999999968e-01 3.126499999999999835e-01 2.737999999999999878e-01 7.105875000000000385e-01
7.377000000000000224e-01 4.551499999999999990e-01 3.334500000000000242e-01 2.847500000000000031e-01 7.366875000000000506e-01
7.141499999999999515e-01 4.290999999999999814e-01 3.111499999999999821e-01 2.776000000000000134e-01 7.125500000000000167e-01
7.411999999999999700e-01 4.532999999999999807e-01 3.408499999999999863e-01 2.883999999999999897e-01 7.377375000000000460e-01
7.134000000000000341e-01 4.232000000000000206e-01 3.149500000000000077e-01 2.743499999999999828e-01 7.155124999999999957e-01
7.479999999999999982e-01 4.668999999999999817e-01 3.493999999999999884e-01 2.929499999999999882e-01 7.479249999999999510e-01
7.361499999999999710e-01 4.580000000000000182e-01 3.370000000000000218e-01 2.874499999999999833e-01 7.359124999999999694e-01
6.962500000000000355e-01 4.010500000000000176e-01 2.974999999999999867e-01 2.664000000000000257e-01 6.859874999999999723e-01
