6.157500000000000195e-01 3.377999999999999892e-01 2.720000000000000195e-01 2.606999999999999873e-01 6.122999999999999554e-01
5.992499999999999494e-01 3.315500000000000114e-01 2.723499999999999810e-01 2.513500000000000179e-01 6.058999999999999941e-01
6.196000000000000396e-01 3.418999999999999817e-01 2.778499999999999859e-01 2.496500000000000108e-01 6.259624999999999773e-01
6.327500000000000346e-01 3.556000000000000272e-01 2.742499999999999938e-01 2.549500000000000099e-01 6.363499999999999712e-01
6.091999999999999638e-01 3.341999999999999971e-01 2.695000000000000173e-01 2.544500000000000095e-01 6.114125000000000254e-01
5.958499999999999908e-01 3.254000000000000226e-01 2.721999999999999975e-01 2.555499999999999994e-01 5.954125000000000112e-01
5.849499999999999700e-01 3.214000000000000190e-01 2.643499999999999739e-01 2.516499999999999848e-01 5.881250000000000089e-01
6.376500000000000501e-01 3.578500000000000014e-01 2.760500000000000176e-01 2.589500000000000135e-01 6.394125000000000503e-01
6.152999999999999581e-01 3.405000000000000249e-01 2.693999999999999728e-01 2.452999999999999903e-01 6.108624999999999750e-01
6.178500000000000103e-01 3.385000000000000231e-01 2.721999999999999975e-01 2.548000000000000265e-01 6.192499999999999671e-01
6.145500000000000407e-01 3.422499999999999987e-01 2.726500000000000035e-01 2.536999999999999811e-01 6.195874999999999577e-01
6.301999999999999824e-01 3.474499999999999811e-01 2.682999999999999829e-01 2.602499999999999813e-01 6.310499999999999998e-01
6.443999999999999728e-01 3.673000000000000154e-01 2.831000000000000183e-01 2.524000000000000132e-01 6.505625000000000435e-01
6.400500000000000078e-01 3.521000000000000241e-01 2.782000000000000028e-01 2.592499999999999805e-01 6.420249999999999568e-01
6.560500000000000220e-01 3.597000000000000197e-01 2.784499999999999753e-01 2.579500000000000126e-01 6.549000000000000377e-01
6.259500000000000064e-01 3.482999999999999985e-01 2.738999999999999768e-01 2.569500000000000117e-01 6.345750000000000002e-01
6.291999999999999815e-01 3.468499999999999917e-01 2.786500000000000088e-01 2.539500000000000091e-01 6.288875000000000437e-01
6.260499999999999954e-01 3.417999999999999927e-01 2.694500000000000228e-01 2.569000000000000172e-01 6.259749999999999481e-01
6.515999999999999570e-01 3.659000000000000030e-01 2.842000000000000082e-01 2.551999999999999824e-01 6.498374999999999568e-01
6.431499999999999995e-01 3.537500000000000089e-01 2.757000000000000006e-01 2.545499999999999985e-01 6.403124999999999512e-01
6.007000000000000117e-01 3.205500000000000016e-01 2.656999999999999917e-01 2.609000000000000208e-01 5.978375000000000217e-01
6.121999999999999664e-01 3.280500000000000083e-01 2.651999999999999913e-01 2.551999999999999824e-01 6.031499999999999639e-01
6.187000000000000277e-01 3.361000000000000099e-01 2.681499999999999995e-01 2.570000000000000062e-01 6.137875000000000414e-01
6.163999999999999480e-01 3.468499999999999917e-01 2.764499999999999735e-01 2.573500000000000232e-01 6.243499999999999606e-01
6.239999999999999991e-01 3.390500000000000180e-01 2.727499999999999925e-01 2.533500000000000196e-01 6.166500000000000314e-01
6.354999999999999538e-01 3.495500000000000274e-01 2.843499999999999917e-01 2.601499999999999924e-01 6.340124999999999789e-01
6.512999999999999901e-01 3.570499999999999785e-01 2.823499999999999899e-01 2.590000000000000080e-01 6.512750000000000483e-01
6.033500000000000529e-01 3.309500000000000219e-01 2.704500000000000237e-01 2.559500000000000108e-01 6.077375000000000416e-01
5.912500000000000533e-01 3.221999999999999864e-01 2.627499999999999836e-01 2.501999999999999780e-01 5.937500000000000000e-01
6.360500000000000043e-01 3.549999999999999822e-01 2.763999999999999790e-01 2.660000000000000142e-01 6.367249999999999854e-01
5.958999999999999853e-01 3.237999999999999767e-01 2.677999999999999825e-01 2.519500000000000073e-01 5.997500000000000053e-01
6.099499999999999922e-01 3.235500000000000043e-01 2.635500000000000065e-01 2.506499999999999839e-01 6.031250000000000222e-01
6.288000000000000256e-01 3.473499999999999921e-01 2.758499999999999841e-01 2.626999999999999891e-01 6.302375000000000060e-01
5.968499999999999917e-01 3.216499999999999915e-01 2.680000000000000160e-01 2.556999999999999829e-01 6.039999999999999813e-01
6.425999999999999490e-01 3.534499999999999864e-01 2.786500000000000088e-01 2.633499999999999730e-01 6.407000000000000473e-01
5.816500000000000004e-01 3.138500000000000179e-01 2.641999999999999904e-01 2.500999999999999890e-01 5.846624999999999739e-01
6.209000000000000075e-01 3.363999999999999768e-01 2.709500000000000242e-01 2.556499999999999884e-01 6.159875000000000211e-01
5.944000000000000394e-01 3.264000000000000234e-01 2.688999999999999724e-01 2.516999999999999793e-01 5.935749999999999638e-01
6.227000000000000313e-01 3.365500000000000158e-01 2.736500000000000044e-01 2.553000000000000269e-01 6.189999999999999947e-01
6.145500000000000407e-01 3.335000000000000187e-01 2.736500000000000044e-01 2.552499999999999769e-01 6.124874999999999625e-01
6.181999999999999718e-01 3.356999999999999984e-01 2.664000000000000257e-01 2.538500000000000201e-01 6.149000000000000021e-01
6.217500000000000249e-01 3.400500000000000189e-01 2.711000000000000076e-01 2.528500000000000192e-01 6.255874999999999631e-01
6.291499999999999870e-01 3.482500000000000040e-01 2.735000000000000209e-01 2.543000000000000260e-01 6.280499999999999972e-01
6.116000000000000325e-01 3.386000000000000121e-01 2.702499999999999902e-01 2.545999999999999930e-01 6.098000000000000087e-01
6.183499999999999552e-01 3.269500000000000184e-01 2.688999999999999724e-01 2.590000000000000080e-01 6.163125000000000409e-01
6.391999999999999904e-01 3.548000000000000043e-01 2.816500000000000115e-01 2.565500000000000003e-01 6.419624999999999915e-01
6.491000000000000103e-01 3.682000000000000273e-01 2.808999999999999830e-01 2.627499999999999836e-01 6.506874999999999742e-01
6.442499999999999893e-01 3.550499999999999767e-01 2.762499999999999956e-01 2.566999999999999837e-01 6.462124999999999675e-01
6.130999999999999783e-01 3.306499999999999995e-01 2.726999999999999980e-01 2.528000000000000247e-01 6.152250000000000218e-01
6.529500000000000304e-01 3.696499999999999786e-01 2.829499999999999793e-01 2.578500000000000236e-01 6.539625000000000021e-01
6.257500000000000284e-01 3.488499999999999934e-01 2.731999999999999984e-01 2.536499999999999866e-01 6.281499999999999861e-01
5.980999999999999650e-01 3.164000000000000146e-01 2.620999999999999996e-01 2.515000000000000013e-01 5.965875000000000483e-01
6.565999999999999615e-01 3.674000000000000044e-01 2.837999999999999967e-01 2.658499999999999752e-01 6.563124999999999654e-01
6.130499999999999838e-01 3.358999999999999764e-01 2.725000000000000200e-01 2.557499999999999774e-01 6.155500000000000416e-01
6.430000000000000160e-01 3.561500000000000221e-01 2.834999999999999742e-01 2.536499999999999866e-01 6.420124999999999860e-01
6.328500000000000236e-01 3.452500000000000013e-01 2.817000000000000060e-01 2.577499999999999791e-01 6.284374999999999822e-01
6.299000000000000155e-01 3.455500000000000238e-01 2.783999999999999808e-01 2.560499999999999998e-01 6.277249999999999774e-01
6.573999999999999844e-01 3.744500000000000051e-01 2.863999999999999879e-01 2.573500000000000232e-01 6.642249999999999543e-01
6.160499999999999865e-01 3.395000000000000240e-01 2.665500000000000091e-01 2.544000000000000150e-01 6.097749999999999559e-01
5.848499999999999810e-01 3.180999999999999939e-01 2.663499999999999757e-01 2.506499999999999839e-01 5.864249999999999741e-01
5.649499999999999522e-01 3.143000000000000238e-01 2.627999999999999781e-01 2.554000000000000159e-01 5.711625000000000174e-01
6.179999999999999938e-01 3.472500000000000031e-01 2.721500000000000030e-01 2.535499999999999976e-01 6.208749999999999547e-01
5.890999999999999570e-01 3.190999999999999948e-01 2.666499999999999981e-01 2.456500000000000072e-01 5.894125000000000059e-01
5.919499999999999762e-01 3.259000000000000230e-01 2.686000000000000054e-01 2.473499999999999865e-01 5.921250000000000124e-01
6.074000000000000510e-01 3.401000000000000134e-01 2.715500000000000136e-01 2.577499999999999791e-01 6.123750000000000027e-01
6.312999999999999723e-01 3.479499999999999815e-01 2.746500000000000052e-01 2.546499999999999875e-01 6.288375000000000492e-01
6.349000000000000199e-01 3.513499999999999956e-01 2.743999999999999773e-01 2.560999999999999943e-01 6.321124999999999661e-01
6.363999999999999657e-01 3.516000000000000236e-01 2.777499999999999969e-01 2.576999999999999846e-01 6.357500000000000373e-01
6.018499999999999961e-01 3.301000000000000045e-01 2.633499999999999730e-01 2.571499999999999897e-01 6.026624999999999899e-01
6.066000000000000281e-01 3.290500000000000091e-01 2.695000000000000173e-01 2.565000000000000058e-01 6.072625000000000384e-01
6.008000000000000007e-01 3.315000000000000169e-01 2.610000000000000098e-01 2.533000000000000251e-01 6.000250000000000306e-01
6.159499999999999975e-01 3.362999999999999878e-01 2.680500000000000105e-01 2.520499999999999963e-01 6.220250000000000501e-01
6.062999999999999501e-01 3.263499999999999734e-01 2.679500000000000215e-01 2.521499999999999853e-01 6.063250000000000028e-01
6.118999999999999995e-01 3.337999999999999856e-01 2.725500000000000145e-01 2.534500000000000086e-01 6.133999999999999453e-01
5.951999999999999513e-01 3.242499999999999827e-01 2.667999999999999816e-01 2.555999999999999939e-01 5.939624999999999488e-01
5.918999999999999817e-01 3.255500000000000060e-01 2.654500000000000193e-01 2.619500000000000162e-01 5.925624999999999920e-01
6.419000000000000261e-01 3.550499999999999767e-01 2.838999999999999857e-01 2.609000000000000208e-01 6.385499999999999510e-01
6.022499999999999520e-01 3.276999999999999913e-01 2.675500000000000100e-01 2.529000000000000137e-01 6.047249999999999570e-01
6.137000000000000233e-01 3.348999999999999755e-01 2.719500000000000250e-01 2.529000000000000137e-01 6.153125000000000400e-01
6.088500000000000023e-01 3.333499999999999797e-01 2.676999999999999935e-01 2.576499999999999901e-01 6.127624999999999877e-01
6.136500000000000288e-01 3.363999999999999768e-01 2.737999999999999878e-01 2.587999999999999745e-01 6.174125000000000307e-01
6.334999999999999520e-01 3.538499999999999979e-01 2.762499999999999956e-01 2.550000000000000044e-01 6.370875000000000288e-01
6.333999999999999631e-01 3.502000000000000113e-01 2.778499999999999859e-01 2.567499999999999782e-01 6.271875000000000089e-01
5.988999999999999879e-01 3.316500000000000004e-01 2.706000000000000072e-01 2.541999999999999815e-01 6.060624999999999485e-01
6.441500000000000004e-01 3.592000000000000193e-01 2.769499999999999740e-01 2.570999999999999952e-01 6.447249999999999925e-01
6.262999999999999678e-01 3.443999999999999839e-01 2.684000000000000274e-01 2.560000000000000053e-01 6.250375000000000236e-01
6.107000000000000206e-01 3.362999999999999878e-01 2.629000000000000226e-01 2.533500000000000196e-01 6.077124999999999888e-01
6.088500000000000023e-01 3.404499999999999749e-01 2.651999999999999913e-01 2.503000000000000225e-01 6.072374999999999856e-01
6.069999999999999840e-01 3.316999999999999948e-01 2.685500000000000109e-01 2.531999999999999806e-01 6.094249999999999945e-01
6.264999999999999458e-01 3.463999999999999857e-01 2.797499999999999987e-01 2.533000000000000251e-01 6.260124999999999718e-01
5.903500000000000414e-01 3.176499999999999879e-01 2.670000000000000151e-01 2.514500000000000068e-01 5.895500000000000185e-01
5.997999999999999998e-01 3.269000000000000239e-01 2.642499999999999849e-01 2.514500000000000068e-01 6.043874999999999664e-01
6.104500000000000481e-01 3.409499999999999753e-01 2.673499999999999766e-01 2.523000000000000242e-01 6.033625000000000238e-01
6.481000000000000094e-01 3.538000000000000034e-01 2.805500000000000216e-01 2.569000000000000172e-01 6.439500000000000224e-01
6.211999999999999744e-01 3.417499999999999982e-01 2.654000000000000248e-01 2.561999999999999833e-01 6.129375000000000240e-01
6.399000000000000243e-01 3.522000000000000131e-01 2.791500000000000092e-01 2.528500000000000192e-01 6.408875000000000544e-01
6.197000000000000286e-01 3.370500000000000163e-01 2.690000000000000169e-01 2.567499999999999782e-01 6.150624999999999565e-01
6.588500000000000467e-01 3.674999999999999933e-01 2.831500000000000128e-01 2.658499999999999752e-01 6.553375000000000172e-01
6.443999999999999728e-01 3.558499999999999996e-01 2.916500000000000203e-01 2.606999999999999873e-01 6.425750000000000073e-01
5.844500000000000250e-01 3.144500000000000073e-01 2.638499999999999734e-01 2.549000000000000155e-01 5.828499999999999792e-01
