9.343000000000000194e-01 8.725000000000000533e-01 8.773999999999999577e-01 8.985999999999999543e-01
9.566999999999999948e-01 9.060000000000000275e-01 8.673999999999999488e-01 9.242000000000000215e-01
8.728000000000000203e-01 8.851999999999999869e-01 8.955999999999999517e-01 9.357999999999999652e-01
9.155999999999999694e-01 8.689000000000000057e-01 8.870000000000000107e-01 8.950000000000000178e-01
8.323000000000000398e-01 8.552999999999999492e-01 8.854999999999999538e-01 8.091000000000000414e-01
7.964999999999999858e-01 8.336000000000000076e-01 8.356000000000000094e-01 8.136999999999999789e-01
7.834999999999999742e-01 7.820000000000000284e-01 7.520999999999999908e-01 7.449000000000000066e-01
8.221000000000000529e-01 7.499000000000000110e-01 8.145999999999999908e-01 7.060999999999999499e-01
7.955999999999999739e-01 7.072000000000000508e-01 8.275000000000000133e-01 7.740000000000000213e-01
6.949999999999999512e-01 8.116999999999999771e-01 7.239999999999999769e-01 7.914999999999999813e-01
7.436000000000000387e-01 7.310999999999999721e-01 7.134000000000000341e-01 6.801000000000000378e-01
7.667000000000000481e-01 8.133000000000000229e-01 7.725999999999999535e-01 6.580000000000000293e-01
7.099999999999999645e-01 6.804000000000000048e-01 6.953000000000000291e-01 6.151999999999999691e-01
6.428000000000000380e-01 7.433999999999999497e-01 7.046999999999999931e-01 7.516000000000000458e-01
6.653999999999999915e-01 5.385999999999999677e-01 7.129999999999999671e-01 6.620000000000000329e-01
6.991000000000000547e-01 6.817999999999999616e-01 6.586999999999999522e-01 6.821000000000000396e-01
6.036000000000000254e-01 6.731000000000000316e-01 5.783000000000000362e-01 5.827999999999999847e-01
6.453999999999999737e-01 6.260000000000000009e-01 5.873000000000000442e-01 6.541000000000000147e-01
6.687999999999999501e-01 6.090999999999999748e-01 5.533000000000000140e-01 5.725000000000000089e-01
6.136000000000000343e-01 6.733999999999999986e-01 5.585999999999999854e-01 6.196000000000000396e-01
