9.508360595135303406e-01 8.991023986410735525e-01 8.677885838850482036e-01 8.848909779666241926e-01
9.816340617456742468e-01 9.259200559891672677e-01 8.918590770484019492e-01 9.628090674182183673e-01
8.863165757094452202e-01 9.115037938144736618e-01 9.307994168753471742e-01 9.350267788696767779e-01
9.361875596625783835e-01 8.698920800600852266e-01 8.794622448685565086e-01 9.616269510453809843e-01
9.229813272277620495e-01 9.352697069355703219e-01 9.203086719503501545e-01 8.362276421442347285e-01
7.811847620836577244e-01 8.660272585950197222e-01 8.928290494276016620e-01 8.582500777224274513e-01
8.956268541439126318e-01 7.780087375871649336e-01 8.632429330921600474e-01 7.884652126166509234e-01
8.755739174814455295e-01 7.764111732599083826e-01 9.028865062117151785e-01 7.278021364953148886e-01
8.553987607031957596e-01 7.951694619181882695e-01 8.371174992818520844e-01 8.548941038660864411e-01
7.643919236509404413e-01 7.920769166180124943e-01 7.154337249106691443e-01 8.431134515962709353e-01
8.734890241646389164e-01 7.722534362031454602e-01 8.432987202606817556e-01 7.665285585553430758e-01
9.002864059917351502e-01 9.448653780771846256e-01 8.245052215184515143e-01 7.421344130522190552e-01
7.757825621586519338e-01 7.752854054993132404e-01 7.912650872196488328e-01 7.420183152671030458e-01
7.661396432072118401e-01 7.985087819556018207e-01 8.128409096759626751e-01 7.895417268542687106e-01
8.290187228656071827e-01 6.532417984968855729e-01 7.813565136094111629e-01 7.578115139635545061e-01
7.669268700275970740e-01 8.231634917606419632e-01 6.982189123481671311e-01 8.164137346557909236e-01
6.383635883318090620e-01 7.211839536365352021e-01 6.622811763704913313e-01 8.025137328316829244e-01
7.922056086941400288e-01 7.200936374971496079e-01 7.884278186740591998e-01 7.177595007744286271e-01
8.184661621122057973e-01 7.052716475163113286e-01 7.687349842404971323e-01 6.984370598163047728e-01
7.206880506541417652e-01 7.539174008880874522e-01 7.214486194768224836e-01 7.319249645388390402e-01
