9.695000000000000284e-01 9.695000000000000284e-01 9.690999999999999615e-01 9.669999999999999707e-01
9.173000000000000043e-01 9.041000000000000147e-01 9.002000000000000002e-01 9.052000000000000046e-01
8.494000000000000439e-01 8.463000000000000522e-01 8.584000000000000519e-01 8.337999999999999856e-01
7.986999999999999655e-01 7.963999999999999968e-01 7.919000000000000483e-01 7.992000000000000215e-01
7.567000000000000393e-01 7.563999999999999613e-01 7.432999999999999607e-01 7.770000000000000240e-01
7.157999999999999918e-01 6.917999999999999705e-01 6.803000000000000158e-01 7.145000000000000240e-01
6.549000000000000377e-01 6.803000000000000158e-01 6.794000000000000039e-01 6.332999999999999741e-01
6.352999999999999758e-01 6.534999999999999698e-01 5.850999999999999535e-01 5.737999999999999767e-01
5.621000000000000441e-01 5.523000000000000131e-01 6.000999999999999668e-01 5.510000000000000453e-01
4.889000000000000012e-01 4.989999999999999991e-01 5.182999999999999829e-01 5.170000000000000151e-01
