9.862307893019641725e-01 9.669418012241979277e-01 1.012130048574919616e+00 1.028276448707432067e+00
9.218213632397024293e-01 9.869749438552091192e-01 9.829028450667398609e-01 1.006444666187577219e+00
1.192925551786321092e+00 1.055745837826676414e+00 1.057987336420788349e+00 9.744541554802204075e-01
1.138159272198367322e+00 7.770227038690055155e-01 9.268820961689447913e-01 1.011814117097715959e+00
8.355950136608717438e-01 1.040011845609474683e+00 8.887598751958917243e-01 9.468703052457968505e-01
1.223705239339429429e+00 1.076337928531101884e+00 9.483292135596644856e-01 1.168533241204292139e+00
9.877397198184562077e-01 9.777941242506639208e-01 1.004789312220385922e+00 1.042866735251362087e+00
1.046781777914031153e+00 1.009074943070458863e+00 9.980632125409202304e-01 1.136210377366042579e+00
8.585446722409170173e-01 1.071711400538068570e+00 9.361310917314245028e-01 1.125786783819331394e+00
1.297162785179982292e+00 8.779661561274940684e-01 1.210654589502849543e+00 1.267253036674590216e+00
