9.273000000000000131e-01 8.820999999999999952e-01 8.870000000000000107e-01 9.025999999999999579e-01
8.803999999999999604e-01 8.918000000000000371e-01 8.856000000000000538e-01 9.110000000000000320e-01
8.518999999999999906e-01 8.740999999999999881e-01 8.530999999999999694e-01 8.547000000000000153e-01
8.202000000000000401e-01 7.969000000000000528e-01 7.911000000000000254e-01 7.843999999999999861e-01
7.848000000000000531e-01 7.852999999999999980e-01 7.956999999999999629e-01 7.851000000000000201e-01
7.805999999999999606e-01 7.701999999999999957e-01 7.547000000000000375e-01 7.332999999999999519e-01
7.218999999999999861e-01 7.127000000000000002e-01 7.109999999999999654e-01 6.723000000000000087e-01
6.867999999999999661e-01 6.614999999999999769e-01 7.230999999999999650e-01 6.982000000000000428e-01
6.501000000000000112e-01 6.967999999999999750e-01 6.378000000000000336e-01 6.937999999999999723e-01
6.823000000000000176e-01 6.391999999999999904e-01 6.491000000000000103e-01 6.434999999999999609e-01
