9.261937645236709704e-01 9.074640683966367360e-01 8.818393742448153994e-01 9.066407850503935828e-01
8.929373416432843102e-01 9.296662424285628834e-01 9.219281060613380152e-01 9.262876195076618080e-01
9.673698723498149743e-01 9.371287428240243633e-01 8.989233463620521780e-01 8.763002112969566770e-01
9.366073281399038830e-01 8.131443417889114844e-01 8.594735218156699386e-01 8.303802636458322839e-01
8.932708898690513433e-01 8.743697956776194102e-01 8.678968182148001365e-01 9.006500841766653664e-01
9.272400139137159103e-01 8.157737812785167408e-01 8.819954176411259894e-01 8.636233694577106768e-01
7.836531474884742554e-01 8.350545212536997219e-01 8.495746833342718851e-01 8.138550846160645946e-01
8.862143347087909628e-01 8.017910014179480127e-01 8.279330171910688208e-01 8.047127561220027703e-01
6.753717227604115747e-01 8.351353253714469682e-01 7.686893010439216356e-01 9.243814560858685248e-01
8.697941707080809604e-01 8.068405969804486322e-01 8.773830946642889872e-01 8.675519886301106265e-01
