9.424000000000000155e-01 9.260000000000000453e-01 9.242000000000000215e-01 9.594000000000000306e-01
9.166999999999999593e-01 9.286999999999999700e-01 9.438999999999999613e-01 9.312000000000000277e-01
8.627000000000000224e-01 8.385000000000000231e-01 8.636000000000000343e-01 8.941999999999999948e-01
7.914999999999999813e-01 7.708000000000000407e-01 7.809000000000000385e-01 8.061000000000000387e-01
7.698000000000000398e-01 7.611999999999999877e-01 8.078999999999999515e-01 7.919000000000000483e-01
7.691000000000000059e-01 7.689000000000000279e-01 7.520999999999999908e-01 7.793999999999999817e-01
7.191999999999999504e-01 7.431999999999999718e-01 7.019999999999999574e-01 6.896999999999999797e-01
6.957999999999999741e-01 6.945999999999999952e-01 6.985999999999999988e-01 7.089999999999999636e-01
6.847999999999999643e-01 6.399000000000000243e-01 6.534999999999999698e-01 6.796999999999999709e-01
6.289000000000000146e-01 6.481000000000000094e-01 6.327000000000000401e-01 6.491000000000000103e-01
