9.375937593759375854e-01 9.003900390039003554e-01 8.484848484848485084e-01 9.297929792979298114e-01 8.481848184818482350e-01 8.136813681368136875e-01 9.225922592259225841e-01 8.442844284428442370e-01 8.034803480348035043e-01 9.558955895589559271e-01 9.078907890789078561e-01 8.754875487548754442e-01
9.258925892589259243e-01 8.346834683468347116e-01 7.833783378337834113e-01 9.216921692169216529e-01 8.601860186018601695e-01 7.950795079507950724e-01 9.471947194719472218e-01 8.724872487248724884e-01 8.403840384038403499e-01 9.255925592559255399e-01 8.841884188418841495e-01 8.214821482148214615e-01
8.682868286828683280e-01 7.323732373237323845e-01 6.483648364836483990e-01 8.349834983498349850e-01 6.747674767476747881e-01 5.907590759075908027e-01 8.646864686468647143e-01 7.476747674767476592e-01 6.723672367236723790e-01 8.979897989798979463e-01 7.824782478247824802e-01 7.251725172517251572e-01
7.899789978997899809e-01 6.264626462646264438e-01 5.211521152115211608e-01 7.620762076207621138e-01 6.066606660666066242e-01 4.863486348634863399e-01 7.785778577857785931e-01 6.000600060006000547e-01 4.935493549354935672e-01 7.992799279927992329e-01 6.315631563156315353e-01 5.433543354335433895e-01
7.782778277827783198e-01 5.991599159915991235e-01 4.842484248424842597e-01 7.677767776777677522e-01 5.751575157515751435e-01 4.713471347134713385e-01 8.133813381338134141e-01 6.717671767176717212e-01 5.340534053405340265e-01 7.941794179417941413e-01 6.252625262526252392e-01 5.130513051305130023e-01
7.713771377137713658e-01 5.712571257125712565e-01 4.629462946294629622e-01 7.590759075907590470e-01 5.640564056405640292e-01 4.614461446144614287e-01 7.632763276327633184e-01 5.559555955595559817e-01 4.446444644464446205e-01 7.704770477047704347e-01 6.063606360636063508e-01 4.821482148214821239e-01
7.248724872487248838e-01 4.803480348034803726e-01 3.879387938793879553e-01 7.416741674167416365e-01 5.247524752475247745e-01 4.146414641464146178e-01 6.963696369636963590e-01 4.815481548154815217e-01 3.711371137113711471e-01 6.906690669066907207e-01 4.581458145814581440e-01 3.477347734773477139e-01
7.038703870387038597e-01 5.004500450045004101e-01 3.777377737773777167e-01 6.957695769576958122e-01 4.767476747674767590e-01 3.603360336033603617e-01 7.092709270927092247e-01 4.818481848184818506e-01 3.576357635763576237e-01 7.128712871287128383e-01 4.941494149414941695e-01 3.843384338433843417e-01
6.699669966996699699e-01 4.647464746474647690e-01 3.531353135313531344e-01 6.363636363636363535e-01 4.137413741374137421e-01 3.060306030603060501e-01 6.363636363636363535e-01 4.290429042904290169e-01 2.997299729972997540e-01 6.759675967596759927e-01 4.458445844584458251e-01 3.402340234023402132e-01
6.366636663666366269e-01 3.846384638463846151e-01 2.859285928592859016e-01 6.483648364836483990e-01 4.101410141014101285e-01 2.964296429642964137e-01 6.429642964296429231e-01 3.903390339033903644e-01 2.937293729372937312e-01 6.468646864686468101e-01 4.065406540654065148e-01 3.036303630363036410e-01
