9.600960096009590883e-01 1.058505850585057306e+00 1.038403840384038324e+00 1.019501950195019990e+00
1.057005700570057272e+00 9.795979597959784124e-01 1.064506450645064328e+00 9.456945694569451888e-01
1.056105610561056452e+00 1.071407140714071282e+00 1.023402340234022878e+00 1.071707170717070889e+00
1.011701170117012216e+00 9.525952595259521427e-01 1.029102910291029183e+00 1.046504650465045927e+00
1.021602160216022126e+00 1.049204920492049276e+00 9.588958895889597711e-01 1.019801980198020486e+00
1.063306330633063679e+00 1.046504650465046149e+00 1.066606660666066464e+00 9.744974497449745421e-01
1.121512151215122044e+00 1.065406540654065148e+00 1.015601560156015770e+00 1.045304530453046166e+00
9.879987998799881765e-01 1.017401740174017855e+00 1.039903990399039690e+00 1.040504050405041347e+00
9.687968796879694588e-01 9.738973897389738843e-01 9.216921692169217639e-01 1.030603060306030994e+00
1.042004200420042936e+00 1.011101110111012114e+00 1.051605160516052573e+00 1.024602460246025526e+00
