4.000000000000000000e+00 4.000000000000000000e+00 4.000000000000000000e+00 4.000000000000000000e+00
1.200000000000000000e+01 1.200000000000000000e+01 1.200000000000000000e+01 1.200000000000000000e+01
2.000000000000000000e+01 2.000000000000000000e+01 2.000000000000000000e+01 2.000000000000000000e+01
2.800000000000000000e+01 2.800000000000000000e+01 2.800000000000000000e+01 2.800000000000000000e+01
3.600000000000000000e+01 3.600000000000000000e+01 3.600000000000000000e+01 3.600000000000000000e+01
4.400000000000000000e+01 4.400000000000000000e+01 4.400000000000000000e+01 4.400000000000000000e+01
5.200000000000000000e+01 5.200000000000000000e+01 5.200000000000000000e+01 5.200000000000000000e+01
6.000000000000000000e+01 6.000000000000000000e+01 6.000000000000000000e+01 6.000000000000000000e+01
6.800000000000000000e+01 6.800000000000000000e+01 6.800000000000000000e+01 6.800000000000000000e+01
7.600000000000000000e+01 7.600000000000000000e+01 7.600000000000000000e+01 7.600000000000000000e+01
