9.744974497449745421e-01 9.408940894089409257e-01 9.093909390939094450e-01 9.762976297629762934e-01 9.411941194119411991e-01 9.003900390039003554e-01 9.702970297029702706e-01 9.468946894689469485e-01 9.192919291929192438e-01 9.669966996699670414e-01 9.291929192919291536e-01 9.069906990699070359e-01
9.207920792079208328e-01 8.463846384638463727e-01 7.770777077707771152e-01 8.982898289828983307e-01 7.953795379537953458e-01 7.317731773177317267e-01 9.120912091209121275e-01 8.103810381038103472e-01 7.353735373537353404e-01 9.084908490849085139e-01 8.340834083408340538e-01 7.617761776177617294e-01
8.553855385538553513e-01 7.344734473447345202e-01 6.147614761476147827e-01 8.436843684368436902e-01 7.248724872487248838e-01 6.195619561956196009e-01 8.574857485748574870e-01 7.539753975397539554e-01 6.516651665166516283e-01 8.277827782778277577e-01 7.089708970897089513e-01 5.886588658865886670e-01
7.920792079207921166e-01 6.495649564956496036e-01 5.043504350435042971e-01 8.013801380138013686e-01 6.597659765976597868e-01 5.223522352235223654e-01 7.926792679267926633e-01 6.180618061806180119e-01 4.932493249324932383e-01 7.968796879687969348e-01 6.468646864686468101e-01 5.082508250825082952e-01
7.719771977197720236e-01 6.033603360336033949e-01 4.353435343534353685e-01 7.440744074407440456e-01 5.718571857185718033e-01 4.317431743174317549e-01 7.296729672967297020e-01 5.826582658265826442e-01 4.173417341734173558e-01 7.764776477647764574e-01 6.081608160816082131e-01 4.887488748874887490e-01
7.158715871587159052e-01 5.100510051005100465e-01 3.924392439243924446e-01 6.921692169216921986e-01 5.028502850285028192e-01 3.567356735673567480e-01 6.636663666366636738e-01 4.608460846084608264e-01 3.348334833483348483e-01 6.951695169516951545e-01 5.097509750975097731e-01 3.714371437143714205e-01
6.585658565856585822e-01 4.377437743774377221e-01 3.183318331833183135e-01 6.774677467746774706e-01 4.881488148814881467e-01 3.312331233123312346e-01 6.867686768676867226e-01 4.668466846684668492e-01 3.363336333633363262e-01 6.357635763576358068e-01 4.221422142214221185e-01 2.925292529252925267e-01
6.312631263126312620e-01 4.197419741974197649e-01 2.808280828082808100e-01 6.447644764476447854e-01 4.446444644464446205e-01 2.925292529252925267e-01 5.895589558955895981e-01 3.459345934593459071e-01 2.160216021602160141e-01 5.802580258025802351e-01 3.489348934893489185e-01 2.172217221722172187e-01
5.553555355535553240e-01 3.183318331833183135e-01 2.073207320732073089e-01 5.484548454845484811e-01 3.243324332433243362e-01 1.713171317131713112e-01 5.961596159615961676e-01 3.636363636363636465e-01 2.346234623462346292e-01 5.589558955895589376e-01 3.144314431443144264e-01 1.860186018601860114e-01
4.950495049504950451e-01 2.559255925592558989e-01 1.533153315331533262e-01 5.046504650465046815e-01 2.685268526852685467e-01 1.470147014701470023e-01 5.247524752475247745e-01 2.919291929192919244e-01 1.506150615061506159e-01 5.163516351635163426e-01 2.940294029402940046e-01 1.572157215721572132e-01
