9.690999999999999615e-01 9.719999999999999751e-01 9.685000000000000275e-01 9.677999999999999936e-01
9.142000000000000126e-01 9.009000000000000341e-01 8.991999999999999993e-01 9.104999999999999760e-01
8.455000000000000293e-01 8.419999999999999707e-01 8.609999999999999876e-01 8.400999999999999579e-01
7.989000000000000545e-01 7.973000000000000087e-01 7.906999999999999584e-01 8.001000000000000334e-01
7.641000000000000014e-01 7.548000000000000265e-01 7.380999999999999783e-01 7.784999999999999698e-01
7.149999999999999689e-01 6.961000000000000520e-01 6.783000000000000140e-01 6.945999999999999952e-01
6.608000000000000540e-01 6.736999999999999655e-01 6.891000000000000458e-01 6.375999999999999446e-01
6.327000000000000401e-01 6.533999999999999808e-01 5.849999999999999645e-01 5.866999999999999993e-01
5.542000000000000259e-01 5.532000000000000250e-01 5.865000000000000213e-01 5.473000000000000087e-01
4.994999999999999996e-01 4.934999999999999942e-01 5.237000000000000544e-01 5.336999999999999522e-01
