4.100000000000000000e+01 3.700000000000000000e+01 4.300000000000000000e+01 3.700000000000000000e+01
6.700000000000000000e+01 7.100000000000000000e+01 6.900000000000000000e+01 6.900000000000000000e+01
9.900000000000000000e+01 9.500000000000000000e+01 1.030000000000000000e+02 9.300000000000000000e+01
1.330000000000000000e+02 1.290000000000000000e+02 1.330000000000000000e+02 1.270000000000000000e+02
1.690000000000000000e+02 1.570000000000000000e+02 1.490000000000000000e+02 1.530000000000000000e+02
1.830000000000000000e+02 1.890000000000000000e+02 1.810000000000000000e+02 1.790000000000000000e+02
2.110000000000000000e+02 2.170000000000000000e+02 2.110000000000000000e+02 2.050000000000000000e+02
2.410000000000000000e+02 2.410000000000000000e+02 2.390000000000000000e+02 2.430000000000000000e+02
2.730000000000000000e+02 2.730000000000000000e+02 2.730000000000000000e+02 2.690000000000000000e+02
2.990000000000000000e+02 3.010000000000000000e+02 2.990000000000000000e+02 2.950000000000000000e+02
