1.010201020102009073e+00 1.005700570057004750e+00 9.894989498949887663e-01 1.020402040204019700e+00
1.000300030003000273e+00 1.040504050405041125e+00 1.040504050405039571e+00 9.849984998499837774e-01
9.774977497749770539e-01 9.759975997599753539e-01 9.621962196219612240e-01 9.450945094509444200e-01
9.318931893189316140e-01 9.471947194719469998e-01 1.017101710171016915e+00 9.582958295829580031e-01
9.411941194119406440e-01 9.483948394839483154e-01 8.583858385838580851e-01 9.936993699369933708e-01
1.009900990099009910e+00 9.246924692469246088e-01 9.432943294329435568e-01 9.276927692769274536e-01
9.807980798079812823e-01 8.991899189918991508e-01 9.960996099609961130e-01 9.333933393339337581e-01
9.153915391539153568e-01 8.928892889288927437e-01 9.468946894689473925e-01 9.111911191119114184e-01
9.183918391839186457e-01 8.436843684368440233e-01 9.321932193219327756e-01 9.195919591959200723e-01
8.706870687068716252e-01 8.553855385538559064e-01 8.490849084908491662e-01 8.241824182418244771e-01
