9.843984398439844519e-01 9.750975097509750888e-01 9.600960096009600875e-01 9.786978697869787025e-01 9.633963396339634278e-01 9.501950195019501777e-01 9.882988298829883389e-01 9.768976897689769512e-01 9.654965496549654524e-01 9.831983198319832473e-01 9.654965496549654524e-01 9.543954395439544491e-01
9.642964296429642479e-01 9.252925292529252665e-01 8.943894389438944437e-01 9.531953195319532446e-01 9.099909990999099918e-01 8.712871287128712838e-01 9.549954995499549959e-01 9.114911491149114697e-01 8.664866486648664656e-01 9.462946294629462907e-01 9.084908490849085139e-01 8.592859285928592383e-01
9.363936393639363809e-01 8.769876987698770332e-01 8.220822082208221193e-01 9.348934893489349029e-01 8.631863186318632364e-01 7.959795979597960036e-01 9.348934893489349029e-01 8.742874287428742397e-01 8.166816681668166433e-01 9.270927092709271289e-01 8.667866786678667390e-01 8.019801980198020264e-01
9.039903990399039690e-01 8.130813081308130297e-01 7.347734773477347936e-01 9.063906390639063781e-01 8.046804680468047088e-01 7.398739873987398852e-01 8.820882088208821248e-01 7.602760276027602515e-01 7.104710471047104292e-01 8.997899789978998086e-01 8.094809480948095270e-01 7.452745274527452501e-01
8.517851785178517376e-01 7.191719171917191344e-01 6.078607860786078287e-01 8.646864686468647143e-01 7.458745874587459079e-01 6.561656165616561731e-01 8.616861686168616474e-01 7.488748874887488638e-01 6.294629462946295106e-01 8.640864086408640565e-01 7.548754875487548865e-01 6.546654665466546952e-01
8.631863186318632364e-01 7.536753675367536820e-01 6.465646564656465367e-01 8.499849984998499863e-01 7.266726672667266351e-01 6.390639063906390360e-01 8.310831083108310979e-01 6.762676267626762661e-01 5.745574557455745968e-01 8.526852685268526688e-01 7.128712871287128383e-01 6.297629762976297840e-01
7.911791179117911854e-01 6.390639063906390360e-01 4.962496249624962497e-01 8.478847884788478506e-01 7.197719771977197922e-01 6.102610261026102378e-01 8.091809180918091426e-01 6.642664266426642206e-01 5.484548454845484811e-01 7.809780978097810022e-01 6.318631863186318087e-01 4.926492649264926360e-01
7.944794479447945257e-01 6.342634263426342178e-01 5.055505550555055017e-01 7.596759675967597047e-01 5.808580858085808929e-01 4.536453645364536547e-01 7.737773777377737749e-01 6.183618361836183963e-01 4.899489948994899535e-01 7.704770477047704347e-01 6.237623762376237613e-01 5.025502550255025458e-01
7.638763876387638652e-01 5.682568256825683006e-01 4.593459345934593485e-01 7.881788178817882295e-01 6.171617161716171918e-01 5.199519951995199563e-01 7.329732973297329313e-01 5.670567056705670961e-01 4.185418541854185603e-01 7.497749774977497950e-01 5.586558655865586642e-01 4.347434743474347663e-01
7.152715271527152474e-01 5.397539753975397758e-01 4.098409840984098551e-01 7.155715571557155208e-01 5.238523852385238433e-01 3.885388538853885576e-01 7.341734173417341358e-01 5.613561356135613467e-01 4.257425742574257321e-01 7.116711671167116338e-01 5.175517551755175472e-01 3.996399639963996164e-01
