9.850999999999999757e-01 9.847000000000000197e-01 9.878000000000000114e-01 9.842999999999999527e-01
9.606999999999999984e-01 9.514000000000000234e-01 9.510999999999999455e-01 9.553000000000000380e-01
9.374000000000000110e-01 9.230000000000000426e-01 9.358999999999999542e-01 9.347999999999999643e-01
9.030000000000000249e-01 8.991999999999999993e-01 8.830999999999999961e-01 9.006999999999999451e-01
8.408999999999999808e-01 8.669999999999999929e-01 8.580999999999999739e-01 8.701999999999999735e-01
8.579999999999999849e-01 8.524000000000000465e-01 8.334000000000000297e-01 8.527000000000000135e-01
7.949000000000000510e-01 8.475000000000000311e-01 8.025999999999999801e-01 7.881000000000000227e-01
7.870000000000000329e-01 7.598000000000000309e-01 7.754999999999999671e-01 7.742999999999999883e-01
7.473999999999999533e-01 7.941000000000000281e-01 7.348999999999999977e-01 7.347000000000000197e-01
7.271999999999999575e-01 7.067999999999999838e-01 7.247999999999999998e-01 7.047999999999999821e-01
