3.700000000000000000e+01 2.300000000000000000e+01 3.100000000000000000e+01 2.900000000000000000e+01
5.700000000000000000e+01 4.900000000000000000e+01 5.700000000000000000e+01 6.100000000000000000e+01
7.500000000000000000e+01 8.700000000000000000e+01 8.700000000000000000e+01 8.100000000000000000e+01
1.150000000000000000e+02 1.070000000000000000e+02 1.070000000000000000e+02 1.170000000000000000e+02
1.370000000000000000e+02 1.370000000000000000e+02 1.250000000000000000e+02 1.510000000000000000e+02
1.690000000000000000e+02 1.610000000000000000e+02 1.530000000000000000e+02 1.610000000000000000e+02
1.930000000000000000e+02 1.870000000000000000e+02 1.910000000000000000e+02 1.790000000000000000e+02
2.070000000000000000e+02 2.190000000000000000e+02 2.110000000000000000e+02 2.170000000000000000e+02
2.430000000000000000e+02 2.550000000000000000e+02 2.450000000000000000e+02 2.350000000000000000e+02
2.670000000000000000e+02 2.670000000000000000e+02 2.810000000000000000e+02 2.730000000000000000e+02
