9.879987998799870663e-01 9.960996099609945587e-01 9.996999699969982833e-01 1.007500750075007501e+00
1.011401140114010611e+00 1.000900090009000820e+00 9.969996999699968221e-01 9.726972697269720136e-01
1.000300030003000495e+00 1.011101110111009893e+00 9.984998499849978559e-01 9.828982898289830850e-01
1.007500750075007057e+00 1.045004500450044338e+00 1.075907590759075605e+00 1.016201620162015207e+00
1.005700570057005638e+00 1.012601260126012148e+00 9.678967896789678615e-01 9.822982298229824272e-01
9.750975097509749778e-01 1.009000900090009090e+00 1.039003900390038870e+00 1.049204920492049053e+00
9.525952595259532529e-01 9.945994599459948571e-01 9.831983198319826922e-01 9.399939993999402166e-01
9.861986198619862032e-01 9.900990099009898682e-01 9.561956195619559784e-01 9.426942694269417888e-01
1.046204620462045876e+00 1.033003300330033181e+00 9.162916291629159549e-01 1.008100810081008492e+00
9.363936393639369360e-01 9.636963696369628130e-01 9.441944194419444880e-01 9.819981998199824869e-01
