9.510951095109511089e-01 9.477947794779477686e-01 9.078907890789078561e-01 9.615961596159615654e-01 9.270927092709271289e-01 8.994899489948995353e-01 9.507950795079508355e-01 8.889888988898889677e-01 8.550855085508550779e-01 9.582958295829583362e-01 9.309930993099310159e-01 8.925892589258925813e-01
9.657965796579658369e-01 9.285928592859286068e-01 9.081908190819082405e-01 9.594959495949595407e-01 9.348934893489349029e-01 9.138913891389138788e-01 9.438943894389438816e-01 9.018901890189019444e-01 8.946894689468947170e-01 9.438943894389438816e-01 8.892889288928892411e-01 8.655865586558655345e-01
9.162916291629162879e-01 8.616861686168616474e-01 7.941794179417941413e-01 9.006900690069007398e-01 8.235823582358235972e-01 7.686768676867686834e-01 8.769876987698770332e-01 7.857785778577858204e-01 7.041704170417041331e-01 8.622862286228623052e-01 7.503750375037503417e-01 6.999699969996999727e-01
8.724872487248724884e-01 7.590759075907590470e-01 6.906690669066907207e-01 8.202820282028202570e-01 6.828682868286828356e-01 6.450645064506450588e-01 8.637863786378637831e-01 7.725772577257725704e-01 6.843684368436843135e-01 8.247824782478248018e-01 7.362736273627362715e-01 6.453645364536453322e-01
7.845784578457846159e-01 6.150615061506150560e-01 5.511551155115511635e-01 8.130813081308130297e-01 6.555655565556555153e-01 5.679567956795679162e-01 8.079807980798079381e-01 6.774677467746774706e-01 5.919591959195920072e-01 8.316831683168316447e-01 6.540654065406540374e-01 6.027602760276027372e-01
7.713771377137713658e-01 6.135613561356135781e-01 5.319531953195320018e-01 8.181818181818182323e-01 6.624662466246624692e-01 5.703570357035703253e-01 7.248724872487248838e-01 5.352535253525352310e-01 4.578457845784578706e-01 8.124812481248124829e-01 6.504650465046504237e-01 5.949594959495949631e-01
6.897689768976897895e-01 5.064506450645064328e-01 4.188418841884188337e-01 7.224722472247224747e-01 5.232523252325232965e-01 4.773477347734773613e-01 7.836783678367836847e-01 6.300630063006300574e-01 5.223522352235223654e-01 7.434743474347434988e-01 5.664566456645664383e-01 4.686468646864686560e-01
7.239723972397239526e-01 5.490549054905490278e-01 4.335433543354335617e-01 6.915691569156915408e-01 5.253525352535253212e-01 4.464446444644464274e-01 7.125712571257125649e-01 5.301530153015301394e-01 4.572457245724572683e-01 7.083708370837084045e-01 5.445544554455445940e-01 4.545454545454545303e-01
6.966696669666966324e-01 5.298529852985298660e-01 4.257425742574257321e-01 6.600660066006600601e-01 4.569456945694569394e-01 3.813381338133813303e-01 7.758775877587759107e-01 5.952595259525952365e-01 5.001500150015001367e-01 7.278727872787278397e-01 5.730573057305730078e-01 4.656465646564656446e-01
7.269726972697270195e-01 5.139513951395139335e-01 4.524452445244524501e-01 6.576657665766576510e-01 4.488448844884488365e-01 3.768376837683768410e-01 7.119711971197120182e-01 5.493549354935493012e-01 4.617461746174617576e-01 6.747674767476747881e-01 4.596459645964596219e-01 3.837383738373837394e-01
