9.544000000000000261e-01 9.628999999999999782e-01 9.536999999999999922e-01 9.564000000000000279e-01
9.566999999999999948e-01 9.608999999999999764e-01 9.553000000000000380e-01 9.457999999999999741e-01
9.082999999999999963e-01 8.954999999999999627e-01 8.722999999999999643e-01 8.800999999999999934e-01
8.679999999999999938e-01 8.226999999999999869e-01 8.764999999999999458e-01 8.377999999999999892e-01
7.862999999999999989e-01 8.161000000000000476e-01 8.229999999999999538e-01 8.105999999999999872e-01
7.437000000000000277e-01 7.348000000000000087e-01 8.097999999999999643e-01 8.213000000000000300e-01
7.725999999999999535e-01 7.572999999999999732e-01 8.326000000000000068e-01 7.146000000000000130e-01
7.026999999999999913e-01 7.441999999999999726e-01 7.398000000000000131e-01 7.016000000000000014e-01
6.857999999999999652e-01 7.049999999999999600e-01 7.728000000000000425e-01 7.835999999999999632e-01
7.176000000000000156e-01 7.228999999999999870e-01 7.492999999999999661e-01 6.796999999999999709e-01
