9.177917791779162116e-01 1.003000300030001846e+00 1.040504050405040015e+00 9.744974497449745421e-01
1.019801980198020264e+00 9.876987698769877921e-01 1.020702070207019529e+00 1.029402940294028568e+00
9.579957995799571746e-01 9.999999999999991118e-01 9.777977797779768832e-01 1.035703570357036085e+00
1.030903090309029713e+00 1.057305730573057767e+00 9.579957995799581738e-01 9.108910891089107009e-01
1.059705970597060398e+00 1.040504050405040459e+00 9.834983498349839648e-01 1.135613561356136003e+00
1.005400540054005143e+00 1.037503750375037503e+00 1.026702670267026329e+00 1.081008100810081141e+00
9.687968796879689037e-01 1.075007500750074785e+00 9.831983198319831363e-01 9.996999699970000597e-01
9.582958295829584472e-01 9.450945094509450861e-01 1.004500450045005877e+00 9.459945994599460173e-01
9.261926192619267528e-01 9.906990699069907480e-01 1.042004200420043158e+00 9.300930093009299737e-01
1.091509150915092041e+00 1.003300330033004339e+00 9.495949594959497420e-01 1.029102910291028738e+00
