2.000000000000000000e+00 2.000000000000000000e+00 2.000000000000000000e+00 2.000000000000000000e+00
6.000000000000000000e+00 6.000000000000000000e+00 6.000000000000000000e+00 6.000000000000000000e+00
1.000000000000000000e+01 1.000000000000000000e+01 1.000000000000000000e+01 1.000000000000000000e+01
1.400000000000000000e+01 1.400000000000000000e+01 1.400000000000000000e+01 1.400000000000000000e+01
1.800000000000000000e+01 1.800000000000000000e+01 1.800000000000000000e+01 1.800000000000000000e+01
2.200000000000000000e+01 2.200000000000000000e+01 2.200000000000000000e+01 2.200000000000000000e+01
2.600000000000000000e+01 2.600000000000000000e+01 2.600000000000000000e+01 2.600000000000000000e+01
3.000000000000000000e+01 3.000000000000000000e+01 3.000000000000000000e+01 3.000000000000000000e+01
3.400000000000000000e+01 3.400000000000000000e+01 3.400000000000000000e+01 3.400000000000000000e+01
3.800000000000000000e+01 3.800000000000000000e+01 3.800000000000000000e+01 3.800000000000000000e+01
