9.268999999999999462e-01 8.832999999999999741e-01 8.891000000000000014e-01 9.025999999999999579e-01
8.828000000000000291e-01 8.980000000000000204e-01 8.911999999999999922e-01 9.118000000000000549e-01
8.516000000000000236e-01 8.728000000000000203e-01 8.546000000000000263e-01 8.569999999999999840e-01
8.177999999999999714e-01 7.986999999999999655e-01 7.959000000000000519e-01 7.930000000000000382e-01
7.882000000000000117e-01 7.821000000000000174e-01 7.969000000000000528e-01 7.892000000000000126e-01
7.770000000000000240e-01 7.766999999999999460e-01 7.570999999999999952e-01 7.417000000000000259e-01
7.180999999999999606e-01 7.207000000000000073e-01 7.189999999999999725e-01 6.730000000000000426e-01
6.886999999999999789e-01 6.579000000000000403e-01 7.214000000000000412e-01 6.932000000000000384e-01
6.498000000000000442e-01 6.931000000000000494e-01 6.445999999999999508e-01 6.782000000000000250e-01
6.861000000000000432e-01 6.352999999999999758e-01 6.512000000000000011e-01 6.459000000000000297e-01
