9.285928592859286068e-01 8.889888988898889677e-01 8.880888088808880365e-01 8.826882688268826715e-01 8.643864386438644409e-01 8.424842484248424856e-01 8.844884488448845339e-01 8.751875187518751709e-01 8.532853285328533266e-01 9.093909390939094450e-01 8.772877287728773066e-01 8.721872187218722150e-01
8.850885088508850806e-01 8.346834683468347116e-01 8.034803480348035043e-01 9.009900990099010132e-01 8.490849084908490552e-01 8.043804380438044355e-01 8.856885688568857384e-01 8.589858985898589649e-01 7.923792379237923900e-01 9.135913591359136054e-01 8.580858085808580338e-01 7.944794479447945257e-01
8.553855385538553513e-01 7.800780078007800711e-01 7.500750075007500683e-01 8.694869486948695325e-01 7.890789078907890497e-01 7.374737473747374761e-01 8.574857485748574870e-01 7.830783078307830269e-01 7.053705370537053376e-01 8.526852685268526688e-01 7.905790579057905276e-01 7.242724272427242260e-01
8.073807380738073913e-01 7.224722472247224747e-01 6.282628262826283061e-01 7.959795979597960036e-01 7.017701770177017240e-01 6.261626162616261704e-01 7.905790579057905276e-01 6.879687968796879272e-01 6.039603960396039417e-01 7.776777677767776620e-01 7.083708370837084045e-01 6.075607560756075554e-01
7.872787278727872984e-01 6.588658865886588556e-01 5.481548154815482077e-01 7.902790279027902542e-01 6.723672367236723790e-01 5.835583558355835754e-01 7.812781278127812756e-01 6.855685568556855181e-01 5.688568856885688474e-01 7.731773177317732282e-01 6.672667266726672874e-01 5.697569756975697786e-01
7.836783678367836847e-01 6.615661566156615381e-01 5.574557455745574597e-01 7.692769276927692301e-01 6.357635763576358068e-01 5.586558655865586642e-01 7.461746174617461813e-01 6.384638463846384893e-01 5.004500450045004101e-01 7.278727872787278397e-01 6.249624962496249658e-01 5.313531353135313440e-01
7.233723372337234059e-01 5.676567656765676428e-01 4.563456345634563371e-01 7.185718571857185877e-01 5.643564356435643026e-01 4.743474347434743499e-01 7.083708370837084045e-01 5.487548754875487544e-01 4.488448844884488365e-01 6.750675067506750615e-01 5.211521152115211608e-01 4.086408640864086506e-01
6.828682868286828356e-01 5.118511851185117978e-01 3.834383438343834660e-01 6.636663666366636738e-01 4.989498949894989321e-01 3.792379237923792501e-01 7.218721872187218169e-01 5.622562256225622779e-01 4.200420042004200383e-01 7.110711071107110870e-01 5.370537053705370933e-01 4.017401740174017521e-01
6.606660666066607179e-01 4.824482448244824528e-01 3.798379837983798524e-01 7.017701770177017240e-01 5.376537653765376401e-01 4.296429642964296192e-01 6.426642664266426497e-01 4.860486048604860665e-01 3.399339933993399399e-01 6.861686168616861758e-01 5.187518751875187517e-01 3.831383138313831371e-01
6.831683168316832200e-01 4.767476747674767590e-01 3.696369636963696137e-01 6.450645064506450588e-01 4.596459645964596219e-01 3.363336333633363262e-01 6.384638463846384893e-01 4.656465646564656446e-01 3.381338133813381330e-01 6.456645664566457166e-01 4.524452445244524501e-01 3.483348334833483162e-01
