1.006900690069006510e+00 8.973897389738967334e-01 8.811881188118800834e-01 9.684968496849681863e-01
9.546954695469543895e-01 9.600960096009580891e-01 8.724872487248714892e-01 9.609960996099610187e-01
9.759975997599762421e-01 9.786978697869773702e-01 9.285928592859281627e-01 9.105910591059092063e-01
8.829882988298829449e-01 9.087908790879084542e-01 9.117911791179109660e-01 8.154815481548146616e-01
9.333933393339332030e-01 9.372937293729360908e-01 8.559855985598556760e-01 8.874887488748871567e-01
9.237923792379231225e-01 9.591959195919596004e-01 8.235823582358237083e-01 8.400840084008390773e-01
9.234923492349231822e-01 9.369936993699373717e-01 9.276927692769275646e-01 8.703870387038704637e-01
8.964896489648964684e-01 8.733873387338735306e-01 8.988898889888989885e-01 9.237923792379236776e-01
9.144914491449147587e-01 9.219921992199219263e-01 8.097809780978094674e-01 8.853885388538861312e-01
9.888988898889897738e-01 8.925892589258918042e-01 8.565856585658573330e-01 9.279927992799281711e-01
